,Zip Code,Employment/Pop Ratio for Pop > 16 Years(%),Unemployment Rate for Pop > 16 Years (%)
0,6390,65.6,9.8
1,10001,64.7,8.4
2,10002,51.0,8.9
3,10003,63.5,6.1
4,10004,79.3,6.1
5,10005,84.0,3.7
6,10006,87.0,2.7
7,10007,68.7,1.5
8,10009,61.3,5.6
9,10010,66.5,5.8
10,10011,73.3,4.9
11,10012,68.7,5.4
12,10013,62.2,4.5
13,10014,75.3,5.3
14,10016,71.7,5.0
15,10017,78.1,3.3
16,10018,77.0,4.4
17,10019,69.4,5.7
18,10020,-,-
19,10021,68.4,3.0
20,10022,67.3,4.5
21,10023,66.4,4.9
22,10024,68.9,3.8
23,10025,59.9,8.0
24,10026,56.2,8.7
25,10027,49.2,6.6
26,10028,71.6,4.2
27,10029,50.5,12.1
28,10030,54.6,16.6
29,10031,60.5,10.7
30,10032,55.1,13.0
31,10033,58.0,13.8
32,10034,57.1,15.7
33,10035,46.6,10.4
34,10036,74.7,6.5
35,10037,51.9,12.4
36,10038,60.7,6.1
37,10039,52.4,19.7
38,10040,58.4,11.3
39,10044,54.6,5.4
40,10065,69.8,3.7
41,10069,77.4,3.8
42,10075,68.3,4.1
43,10103,-,-
44,10110,-,-
45,10111,-,-
46,10112,-,-
47,10115,-,-
48,10119,-,-
49,10128,68.9,4.5
50,10152,-,-
51,10153,-,-
52,10154,-,-
53,10162,75.9,5.4
54,10165,-,-
55,10167,-,-
56,10168,-,-
57,10169,-,-
58,10170,-,-
59,10171,-,-
60,10172,-,-
61,10173,-,-
62,10174,-,-
63,10177,-,-
64,10199,-,-
65,10271,-,-
66,10278,-,-
67,10279,-,-
68,10280,80.9,4.7
69,10282,77.4,0.5
70,10301,52.1,8.5
71,10302,54.2,6.8
72,10303,50.5,7.7
73,10304,54.2,7.2
74,10305,54.6,7.1
75,10306,55.7,6.1
76,10307,57.1,7.1
77,10308,55.9,8.4
78,10309,56.8,5.1
79,10310,54.9,10.3
80,10311,-,-
81,10312,56.1,6.5
82,10314,56.6,5.5
83,10451,46.5,14.9
84,10452,50.7,14.3
85,10453,51.2,14.0
86,10454,45.2,14.8
87,10455,48.2,13.9
88,10456,46.0,16.4
89,10457,47.1,16.5
90,10458,50.8,16.0
91,10459,46.3,10.7
92,10460,47.4,22.7
93,10461,55.8,11.1
94,10462,58.5,13.5
95,10463,56.7,10.2
96,10464,59.6,6.8
97,10465,55.5,8.8
98,10466,55.2,12.0
99,10467,52.0,16.1
100,10468,56.3,14.9
101,10469,53.8,14.8
102,10470,57.3,11.6
103,10471,53.8,9.8
104,10472,51.8,12.9
105,10473,47.5,12.4
106,10474,42.3,13.9
107,10475,51.2,11.3
108,10501,62.3,6.4
109,10502,63.8,5.2
110,10503,45.2,17.4
111,10504,59.4,6.0
112,10505,67.2,2.2
113,10506,60.7,5.0
114,10507,44.7,11.2
115,10509,67.8,7.3
116,10510,59.2,4.1
117,10511,65.7,6.6
118,10512,61.9,5.8
119,10514,63.3,2.5
120,10516,66.9,3.0
121,10517,63.9,15.8
122,10518,58.0,16.9
123,10519,56.5,0.0
124,10520,62.5,6.6
125,10522,62.2,6.4
126,10523,67.9,7.1
127,10524,60.4,7.5
128,10526,59.3,4.8
129,10527,56.9,9.6
130,10528,61.2,5.6
131,10530,62.7,6.5
132,10532,61.5,4.4
133,10533,67.2,3.1
134,10535,61.7,10.2
135,10536,61.9,3.8
136,10537,62.0,10.7
137,10538,64.9,4.5
138,10541,66.7,7.3
139,10543,62.5,8.3
140,10545,20.9,0.0
141,10546,60.0,0.0
142,10547,60.4,10.4
143,10548,60.6,4.1
144,10549,65.6,6.2
145,10550,57.5,14.6
146,10552,63.1,9.5
147,10553,59.3,12.2
148,10560,58.7,4.2
149,10562,62.7,7.8
150,10566,63.3,10.9
151,10567,61.6,5.9
152,10570,59.5,5.9
153,10573,65.5,7.5
154,10576,63.0,4.2
155,10577,44.7,14.0
156,10578,68.9,1.2
157,10579,61.3,6.8
158,10580,55.1,5.6
159,10583,61.0,4.9
160,10588,55.6,3.1
161,10589,46.2,8.3
162,10590,64.4,6.6
163,10591,62.4,9.0
164,10594,63.9,5.3
165,10595,47.5,7.5
166,10596,60.7,11.9
167,10597,60.4,12.1
168,10598,63.7,5.7
169,10601,62.6,7.6
170,10603,69.6,7.5
171,10604,60.0,6.7
172,10605,64.3,4.5
173,10606,62.8,9.5
174,10607,66.9,5.2
175,10701,53.3,8.3
176,10703,51.1,9.4
177,10704,61.9,8.3
178,10705,54.5,12.5
179,10706,63.0,5.3
180,10707,62.4,7.4
181,10708,59.5,8.8
182,10709,61.9,2.7
183,10710,59.1,7.4
184,10801,59.5,8.5
185,10803,64.7,4.1
186,10804,63.8,5.6
187,10805,57.9,7.0
188,10901,61.7,5.1
189,10910,100.0,0.0
190,10911,-,-
191,10913,60.0,7.4
192,10914,65.8,6.6
193,10915,60.6,0.0
194,10916,56.4,6.5
195,10917,59.5,13.8
196,10918,62.0,5.4
197,10919,57.5,5.6
198,10920,61.4,9.6
199,10921,65.5,8.6
200,10922,77.7,5.1
201,10923,65.6,7.5
202,10924,58.7,6.6
203,10925,62.4,9.4
204,10926,70.4,4.3
205,10927,63.9,10.1
206,10928,63.0,7.7
207,10930,66.7,6.8
208,10931,64.5,6.2
209,10932,24.0,0.0
210,10933,56.2,10.9
211,10940,58.8,9.0
212,10941,61.4,10.0
213,10950,59.7,5.6
214,10952,53.2,7.9
215,10953,36.2,24.4
216,10954,62.9,7.1
217,10956,58.2,7.6
218,10958,55.6,3.0
219,10960,64.2,5.5
220,10962,49.6,6.9
221,10963,31.7,5.9
222,10964,50.6,9.8
223,10965,60.4,5.4
224,10968,59.6,7.1
225,10969,81.1,5.7
226,10970,62.6,13.2
227,10973,67.0,13.2
228,10974,65.6,9.3
229,10975,68.0,3.9
230,10976,43.3,5.9
231,10977,61.1,11.1
232,10979,47.9,17.0
233,10980,61.7,7.4
234,10983,60.1,3.8
235,10984,66.1,7.5
236,10985,73.5,26.5
237,10986,62.5,7.4
238,10987,59.2,4.6
239,10988,68.4,2.1
240,10989,62.4,5.6
241,10990,58.6,6.1
242,10992,60.7,6.4
243,10993,57.3,9.6
244,10994,66.3,2.0
245,10996,14.3,6.8
246,10998,67.2,6.8
247,11001,63.0,6.0
248,11003,61.8,9.7
249,11004,56.7,7.0
250,11005,15.4,2.3
251,11010,58.6,7.3
252,11020,56.3,3.5
253,11021,57.9,6.9
254,11023,55.7,4.5
255,11024,51.9,6.2
256,11030,53.8,5.5
257,11040,59.8,5.2
258,11042,0.0,-
259,11050,57.6,7.0
260,11096,58.2,11.8
261,11101,62.3,8.2
262,11102,65.5,8.5
263,11103,68.3,7.6
264,11104,66.1,6.9
265,11105,66.5,7.2
266,11106,63.5,10.0
267,11109,78.1,3.3
268,11201,65.3,6.6
269,11203,54.3,10.9
270,11204,53.4,8.9
271,11205,58.6,12.9
272,11206,53.9,13.2
273,11207,50.8,13.2
274,11208,51.1,10.2
275,11209,58.8,8.2
276,11210,56.4,7.0
277,11211,64.9,6.3
278,11212,46.1,14.3
279,11213,53.2,10.4
280,11214,54.0,8.8
281,11215,74.1,5.5
282,11216,61.7,11.8
283,11217,68.3,7.0
284,11218,60.7,7.0
285,11219,54.2,6.7
286,11220,57.4,9.5
287,11221,54.4,17.6
288,11222,71.4,6.1
289,11223,52.8,9.7
290,11224,43.3,15.7
291,11225,57.5,15.8
292,11226,59.6,11.0
293,11228,54.5,8.8
294,11229,54.0,8.5
295,11230,52.6,8.7
296,11231,66.7,8.9
297,11232,58.3,8.9
298,11233,52.0,13.2
299,11234,57.7,10.4
300,11235,51.9,8.4
301,11236,59.7,9.8
302,11237,62.5,13.0
303,11238,66.8,8.2
304,11239,39.8,14.4
305,11351,-,-
306,11354,53.7,7.2
307,11355,52.5,7.2
308,11356,58.8,7.8
309,11357,54.1,8.6
310,11358,57.0,6.3
311,11359,-,-
312,11360,53.2,7.3
313,11361,59.1,8.2
314,11362,60.5,6.2
315,11363,59.2,6.9
316,11364,58.7,5.4
317,11365,54.8,9.6
318,11366,56.3,8.1
319,11367,55.4,7.5
320,11368,62.9,5.9
321,11369,58.0,8.9
322,11370,42.5,9.7
323,11371,-,-
324,11372,61.6,6.4
325,11373,59.1,6.1
326,11374,58.3,7.5
327,11375,61.3,5.7
328,11377,60.9,6.1
329,11378,59.3,8.8
330,11379,56.3,8.1
331,11385,60.2,7.2
332,11411,58.8,6.4
333,11412,60.8,14.6
334,11413,60.8,8.9
335,11414,55.9,8.1
336,11415,65.6,4.9
337,11416,58.4,10.9
338,11417,57.7,11.2
339,11418,57.9,10.0
340,11419,58.6,10.2
341,11420,57.9,11.0
342,11421,59.8,9.3
343,11422,65.0,6.4
344,11423,59.0,11.9
345,11424,-,-
346,11425,-,-
347,11426,59.6,5.8
348,11427,55.3,7.6
349,11428,57.8,8.8
350,11429,56.3,17.1
351,11430,44.1,37.4
352,11432,54.9,10.4
353,11433,52.9,17.1
354,11434,57.9,11.4
355,11435,59.0,13.9
356,11436,57.8,12.3
357,11451,-,-
358,11501,66.7,3.9
359,11507,55.6,8.2
360,11509,62.9,4.4
361,11510,63.1,6.4
362,11514,67.2,5.1
363,11516,60.7,7.8
364,11518,63.5,7.3
365,11520,62.2,7.5
366,11530,58.3,5.4
367,11542,61.9,5.0
368,11545,60.5,3.8
369,11547,66.4,11.3
370,11548,48.4,6.7
371,11549,40.3,9.9
372,11550,62.3,8.7
373,11552,60.5,8.4
374,11553,57.2,8.3
375,11554,56.4,6.2
376,11556,0.0,-
377,11557,59.8,7.1
378,11558,60.9,7.2
379,11559,58.9,4.8
380,11560,57.6,4.9
381,11561,64.2,6.1
382,11563,59.5,8.6
383,11565,64.1,5.1
384,11566,64.0,6.8
385,11568,53.4,5.0
386,11569,57.6,3.2
387,11570,60.4,6.8
388,11572,61.1,4.9
389,11575,64.3,9.8
390,11576,60.4,4.7
391,11577,59.5,5.3
392,11579,63.3,3.9
393,11580,63.5,8.9
394,11581,60.4,10.4
395,11590,63.5,5.5
396,11596,60.8,5.6
397,11598,61.2,4.7
398,11691,53.0,10.2
399,11692,49.3,12.9
400,11693,54.1,10.4
401,11694,51.9,8.7
402,11697,55.3,4.5
403,11701,58.1,5.4
404,11702,64.1,5.1
405,11703,61.9,6.0
406,11704,60.4,6.3
407,11705,58.5,6.0
408,11706,64.7,7.8
409,11709,59.5,3.1
410,11710,61.8,5.9
411,11713,55.1,6.4
412,11714,59.4,7.1
413,11715,70.1,2.7
414,11716,60.5,7.4
415,11717,64.2,7.9
416,11718,69.0,5.0
417,11719,55.3,7.1
418,11720,64.9,5.5
419,11721,63.5,7.2
420,11722,61.5,6.4
421,11724,59.4,2.4
422,11725,61.1,6.5
423,11726,64.2,7.1
424,11727,64.1,6.8
425,11729,63.3,7.7
426,11730,58.7,4.8
427,11731,61.2,7.4
428,11732,59.9,6.1
429,11733,62.4,5.0
430,11735,63.6,5.8
431,11738,63.8,4.8
432,11739,54.7,6.4
433,11740,57.4,7.1
434,11741,67.1,6.2
435,11742,64.8,6.9
436,11743,61.6,5.0
437,11746,61.0,7.1
438,11747,57.1,3.9
439,11749,64.7,3.4
440,11751,63.3,5.1
441,11752,65.2,6.0
442,11753,60.9,3.4
443,11754,58.2,8.3
444,11755,62.9,4.6
445,11756,64.0,6.2
446,11757,63.7,6.8
447,11758,63.0,5.1
448,11762,61.0,7.5
449,11763,60.6,4.5
450,11764,65.3,6.4
451,11765,58.5,2.3
452,11766,61.3,3.2
453,11767,64.6,4.3
454,11768,59.5,6.9
455,11769,56.5,6.0
456,11770,72.1,3.9
457,11771,62.0,4.4
458,11772,60.0,6.8
459,11776,63.0,7.8
460,11777,60.0,5.9
461,11778,65.2,10.1
462,11779,62.6,7.5
463,11780,59.0,4.9
464,11782,62.0,5.3
465,11783,62.5,5.9
466,11784,63.6,7.0
467,11786,66.9,7.1
468,11787,60.7,6.1
469,11788,61.7,4.6
470,11789,70.1,6.5
471,11790,51.3,7.5
472,11791,60.2,4.4
473,11792,64.8,2.5
474,11793,61.5,4.6
475,11794,28.5,14.4
476,11795,65.3,5.1
477,11796,53.4,13.6
478,11797,52.9,3.7
479,11798,60.1,9.5
480,11801,61.6,6.1
481,11803,62.0,4.3
482,11804,64.7,4.3
483,11901,47.4,7.5
484,11930,58.2,0.0
485,11931,100.0,0.0
486,11932,55.5,4.0
487,11933,52.3,8.8
488,11934,57.6,5.8
489,11935,51.4,6.0
490,11937,60.5,6.6
491,11939,42.9,15.9
492,11940,62.0,5.0
493,11941,56.4,4.8
494,11942,57.7,3.4
495,11944,45.3,8.8
496,11946,59.7,3.3
497,11947,71.1,0.0
498,11948,49.9,5.8
499,11949,60.1,4.3
500,11950,61.0,5.7
501,11951,61.5,9.7
502,11952,61.1,10.2
503,11953,57.0,8.7
504,11954,54.2,5.2
505,11955,61.9,4.7
506,11956,60.9,9.3
507,11957,39.6,5.2
508,11958,47.1,10.1
509,11959,48.5,2.2
510,11960,61.9,5.4
511,11961,49.3,6.4
512,11962,49.0,0.0
513,11963,63.2,4.1
514,11964,58.0,4.7
515,11965,51.6,0.0
516,11967,63.5,5.4
517,11968,53.5,7.4
518,11970,63.7,27.0
519,11971,55.3,7.2
520,11972,67.1,1.2
521,11973,23.9,35.3
522,11975,36.8,8.0
523,11976,66.6,1.9
524,11977,45.7,11.5
525,11978,53.9,9.0
526,11980,53.6,4.5
527,12007,0.0,-
528,12008,49.0,17.3
529,12009,62.6,7.6
530,12010,54.6,8.6
531,12015,52.5,15.2
532,12017,67.4,5.6
533,12018,68.7,3.9
534,12019,65.2,5.3
535,12020,64.9,7.3
536,12022,54.0,7.8
537,12023,57.9,6.6
538,12024,52.0,0.0
539,12025,58.8,8.7
540,12027,60.3,7.5
541,12028,68.9,5.0
542,12029,51.7,7.9
543,12031,59.7,9.0
544,12032,53.0,1.6
545,12033,58.5,9.0
546,12035,46.8,12.8
547,12036,42.3,20.7
548,12037,63.6,5.3
549,12040,78.4,15.0
550,12041,60.0,5.0
551,12042,55.9,5.7
552,12043,54.2,10.7
553,12045,49.3,0.0
554,12046,65.7,13.1
555,12047,60.7,8.6
556,12051,31.8,4.0
557,12052,63.9,7.4
558,12053,67.0,4.9
559,12054,67.1,4.6
560,12056,67.6,7.0
561,12057,66.8,0.9
562,12058,67.0,6.7
563,12059,61.4,2.2
564,12060,58.9,7.9
565,12061,67.0,3.3
566,12062,69.0,11.0
567,12063,76.8,6.1
568,12064,54.0,9.9
569,12065,66.8,3.7
570,12066,62.0,9.5
571,12067,66.8,0.8
572,12068,62.7,8.2
573,12069,35.4,0.0
574,12070,59.2,9.9
575,12071,63.0,0.0
576,12072,54.4,5.8
577,12074,62.2,4.4
578,12075,56.9,5.4
579,12076,49.4,11.1
580,12077,57.7,6.4
581,12078,49.9,13.2
582,12083,56.9,6.5
583,12084,66.6,3.0
584,12085,49.7,9.2
585,12086,57.7,8.7
586,12087,58.3,2.3
587,12089,91.2,0.0
588,12090,61.2,5.0
589,12092,55.5,3.8
590,12093,53.4,7.4
591,12094,69.4,8.5
592,12095,57.3,7.1
593,12106,60.8,3.6
594,12108,42.2,12.7
595,12110,58.4,5.2
596,12115,46.1,16.7
597,12116,54.3,8.5
598,12117,58.5,4.8
599,12118,59.2,5.4
600,12120,55.8,5.9
601,12121,56.4,9.2
602,12122,51.3,12.9
603,12123,64.7,8.0
604,12124,70.1,1.3
605,12125,64.1,6.5
606,12130,72.0,4.1
607,12131,39.8,7.5
608,12132,22.3,42.5
609,12134,51.6,7.0
610,12136,64.4,4.8
611,12137,65.0,9.6
612,12138,60.5,3.8
613,12139,50.6,3.6
614,12140,62.2,3.1
615,12143,62.8,2.5
616,12144,64.1,7.2
617,12147,51.7,12.2
618,12148,62.7,2.7
619,12149,53.9,11.8
620,12150,56.3,5.1
621,12151,62.9,4.4
622,12153,68.7,7.3
623,12154,63.4,3.8
624,12155,67.9,5.4
625,12156,59.7,11.9
626,12157,49.1,7.0
627,12158,70.4,4.2
628,12159,63.2,3.3
629,12160,58.2,7.5
630,12161,71.2,0.0
631,12164,55.1,1.5
632,12165,59.5,8.5
633,12166,51.7,11.1
634,12167,48.2,11.6
635,12168,57.7,16.2
636,12169,51.4,9.2
637,12170,59.6,11.9
638,12172,52.9,17.3
639,12173,62.8,3.3
640,12174,66.1,5.8
641,12175,42.6,27.5
642,12176,28.9,32.1
643,12177,60.6,22.6
644,12180,58.0,8.2
645,12182,54.7,14.2
646,12183,65.5,6.4
647,12184,59.4,3.8
648,12185,68.0,1.7
649,12186,59.3,6.3
650,12187,54.2,8.0
651,12188,70.2,6.7
652,12189,66.5,7.0
653,12190,40.1,19.0
654,12192,48.4,4.2
655,12193,59.0,8.1
656,12194,45.4,5.3
657,12195,65.0,0.0
658,12196,68.8,3.7
659,12197,51.7,7.5
660,12198,68.4,5.5
661,12202,56.0,12.7
662,12203,56.9,6.3
663,12204,70.4,4.6
664,12205,62.6,6.1
665,12206,52.1,15.8
666,12207,32.9,17.7
667,12208,64.5,5.0
668,12209,60.1,5.1
669,12210,66.4,3.9
670,12211,58.0,2.8
671,12222,21.6,18.2
672,12302,59.7,5.9
673,12303,61.3,8.6
674,12304,62.5,7.7
675,12305,45.1,11.3
676,12306,63.7,5.9
677,12307,42.1,19.8
678,12308,56.4,7.5
679,12309,63.1,4.7
680,12401,57.6,9.8
681,12404,63.5,9.3
682,12405,35.8,0.0
683,12406,48.4,14.6
684,12407,63.6,3.0
685,12409,59.3,11.4
686,12410,55.8,5.0
687,12411,72.2,6.9
688,12412,44.2,24.0
689,12413,39.8,19.7
690,12414,49.4,12.0
691,12416,43.5,18.2
692,12417,60.8,2.0
693,12418,49.8,5.9
694,12419,51.0,26.8
695,12420,55.6,8.2
696,12421,50.1,14.2
697,12422,48.0,11.9
698,12423,52.6,12.2
699,12424,45.4,19.0
700,12427,57.6,3.0
701,12428,51.7,13.1
702,12429,53.8,32.5
703,12430,53.5,10.5
704,12431,57.8,5.9
705,12432,54.4,8.8
706,12433,58.9,14.6
707,12434,37.6,24.7
708,12435,57.7,9.0
709,12436,82.2,0.0
710,12438,60.3,0.0
711,12439,41.3,3.5
712,12440,56.7,9.8
713,12441,58.3,0.0
714,12442,45.4,13.4
715,12443,62.8,8.1
716,12444,44.4,11.2
717,12446,56.2,14.4
718,12448,65.8,14.1
719,12449,42.8,13.9
720,12450,0.0,-
721,12451,63.5,0.0
722,12452,70.7,3.7
723,12453,54.2,0.0
724,12454,60.3,17.6
725,12455,45.6,13.0
726,12456,53.8,16.3
727,12457,48.3,16.2
728,12458,34.2,9.6
729,12459,35.1,0.0
730,12460,48.2,14.0
731,12461,66.0,6.6
732,12463,60.4,13.4
733,12464,42.1,1.6
734,12465,42.3,0.0
735,12466,63.1,5.7
736,12468,38.9,17.8
737,12469,54.2,7.8
738,12470,51.4,9.6
739,12471,73.0,9.9
740,12472,65.9,4.9
741,12473,72.1,0.0
742,12474,44.0,13.2
743,12475,65.8,16.7
744,12477,61.6,10.1
745,12480,51.7,10.3
746,12481,58.9,6.2
747,12482,28.9,6.7
748,12483,77.8,10.5
749,12484,61.3,9.3
750,12485,57.2,6.3
751,12486,61.4,11.8
752,12487,67.3,7.1
753,12489,13.2,11.5
754,12490,-,-
755,12491,53.7,3.3
756,12492,35.4,10.6
757,12493,71.0,0.0
758,12494,61.0,14.6
759,12495,61.0,19.6
760,12496,40.4,7.9
761,12498,59.6,5.1
762,12501,62.1,9.2
763,12502,54.0,7.7
764,12503,62.5,7.0
765,12504,39.2,7.1
766,12507,53.8,5.1
767,12508,55.2,10.2
768,12512,71.0,0.0
769,12513,43.8,14.6
770,12514,63.4,6.8
771,12515,52.5,8.2
772,12516,52.8,7.3
773,12517,62.7,0.0
774,12518,58.5,4.8
775,12520,67.7,4.8
776,12521,55.0,2.6
777,12522,52.7,10.8
778,12523,62.4,10.3
779,12524,55.1,8.7
780,12525,64.4,6.6
781,12526,62.7,5.2
782,12527,82.1,17.9
783,12528,60.6,8.6
784,12529,59.3,5.2
785,12530,0.0,-
786,12531,65.3,7.4
787,12533,62.0,8.4
788,12534,52.8,8.5
789,12538,59.2,6.9
790,12540,63.5,7.0
791,12542,56.4,6.5
792,12543,68.2,10.1
793,12545,59.1,5.3
794,12546,64.9,3.3
795,12547,62.1,10.4
796,12548,59.7,10.4
797,12549,61.1,5.3
798,12550,60.5,8.1
799,12553,61.7,6.7
800,12561,53.4,8.9
801,12563,56.6,7.5
802,12564,57.5,10.3
803,12565,56.7,12.3
804,12566,61.6,4.8
805,12567,58.1,8.7
806,12569,64.1,9.9
807,12570,63.6,6.7
808,12571,64.1,5.3
809,12572,53.6,6.1
810,12574,43.8,6.6
811,12575,74.7,4.2
812,12577,56.2,9.4
813,12578,60.8,7.9
814,12580,58.2,8.9
815,12581,62.1,8.2
816,12582,37.3,6.3
817,12583,63.2,7.1
818,12585,63.2,5.2
819,12586,64.0,6.8
820,12589,49.9,8.6
821,12590,63.8,8.2
822,12592,53.4,0.0
823,12594,60.1,10.0
824,12601,54.8,12.0
825,12603,60.2,8.8
826,12604,49.7,6.2
827,12701,49.1,13.0
828,12719,44.6,14.9
829,12720,70.5,0.0
830,12721,60.0,13.3
831,12722,31.9,26.9
832,12723,49.4,7.9
833,12724,45.1,17.7
834,12725,48.8,11.4
835,12726,60.7,5.2
836,12729,52.3,6.2
837,12732,55.6,4.9
838,12733,42.8,0.9
839,12734,54.2,13.7
840,12736,60.0,5.3
841,12737,52.1,11.5
842,12738,69.3,6.6
843,12740,55.3,5.5
844,12741,37.9,23.9
845,12742,60.8,13.2
846,12743,39.6,24.8
847,12745,67.1,11.1
848,12746,58.4,7.6
849,12747,57.5,10.0
850,12748,58.2,5.9
851,12749,53.0,0.0
852,12750,75.0,10.3
853,12751,60.3,1.2
854,12752,55.7,13.9
855,12754,50.0,13.5
856,12758,61.0,7.7
857,12759,29.7,34.9
858,12760,32.8,10.9
859,12762,59.7,0.0
860,12763,51.1,5.1
861,12764,49.2,11.0
862,12765,60.2,10.0
863,12766,61.6,18.0
864,12767,74.2,14.8
865,12768,45.7,10.7
866,12769,47.7,22.1
867,12770,40.0,16.5
868,12771,55.7,8.8
869,12775,55.5,4.6
870,12776,59.6,6.9
871,12777,56.8,3.2
872,12778,57.8,18.8
873,12779,47.1,21.2
874,12780,50.8,7.2
875,12781,51.9,9.6
876,12783,38.6,29.5
877,12784,28.6,0.0
878,12785,41.4,21.1
879,12786,28.1,0.0
880,12787,52.2,8.7
881,12788,34.1,10.7
882,12789,67.2,6.6
883,12790,53.1,11.4
884,12791,72.2,0.0
885,12792,46.7,19.4
886,12801,62.4,8.8
887,12803,63.9,6.2
888,12804,60.6,5.2
889,12808,44.4,5.3
890,12809,63.2,5.9
891,12810,63.0,5.0
892,12811,44.8,40.0
893,12812,10.4,0.0
894,12814,54.9,1.9
895,12815,50.2,5.6
896,12816,52.8,8.3
897,12817,59.4,5.6
898,12819,44.8,9.0
899,12821,4.3,14.4
900,12822,57.3,5.6
901,12823,46.4,0.0
902,12824,57.5,6.7
903,12827,62.1,6.6
904,12828,58.3,8.7
905,12831,64.3,3.9
906,12832,53.3,13.0
907,12833,63.8,6.2
908,12834,61.5,6.4
909,12835,44.3,8.4
910,12836,54.2,12.5
911,12837,61.4,14.9
912,12838,68.4,12.9
913,12839,61.3,11.9
914,12841,28.0,0.0
915,12842,47.7,0.0
916,12843,53.8,3.1
917,12844,58.1,7.7
918,12845,52.5,6.2
919,12846,54.0,5.3
920,12847,54.4,1.0
921,12849,74.9,9.3
922,12850,63.7,6.4
923,12851,45.1,12.9
924,12852,42.6,8.0
925,12853,37.2,13.6
926,12855,47.8,10.3
927,12856,60.0,0.0
928,12857,54.9,3.5
929,12858,25.6,0.0
930,12859,59.4,11.7
931,12860,52.8,2.2
932,12861,47.0,12.3
933,12862,0.0,-
934,12863,54.8,0.0
935,12864,21.6,0.0
936,12865,57.0,11.4
937,12866,57.0,7.9
938,12870,46.4,0.6
939,12871,62.1,6.6
940,12872,61.0,0.0
941,12873,58.9,4.7
942,12874,38.8,3.6
943,12878,47.4,11.5
944,12883,61.5,8.2
945,12884,55.1,4.9
946,12885,58.5,8.7
947,12886,71.6,0.0
948,12887,53.0,10.0
949,12901,53.8,6.5
950,12903,52.2,3.3
951,12910,43.1,6.4
952,12911,72.1,0.0
953,12912,51.5,9.7
954,12913,62.3,6.3
955,12914,51.8,10.8
956,12916,52.4,11.8
957,12917,60.9,5.5
958,12918,62.8,3.6
959,12919,46.5,16.3
960,12920,46.0,7.8
961,12921,55.8,8.4
962,12922,52.9,18.2
963,12923,52.9,6.6
964,12924,61.1,21.4
965,12926,56.4,8.0
966,12927,19.1,25.5
967,12928,40.8,15.6
968,12929,10.0,8.2
969,12930,56.3,9.5
970,12932,54.9,10.0
971,12933,100.0,0.0
972,12934,45.3,4.9
973,12935,42.2,13.2
974,12936,54.8,8.3
975,12937,51.8,14.1
976,12939,76.9,2.1
977,12941,56.3,11.3
978,12942,50.8,8.6
979,12943,67.7,0.0
980,12944,55.8,8.1
981,12945,55.2,0.0
982,12946,63.6,8.0
983,12950,58.2,4.0
984,12952,27.9,39.9
985,12953,37.6,6.7
986,12955,43.1,3.6
987,12956,54.3,11.4
988,12957,52.8,11.5
989,12958,51.1,4.9
990,12959,51.1,9.3
991,12960,52.1,6.8
992,12961,38.6,5.4
993,12962,57.1,7.3
994,12964,84.5,0.0
995,12965,47.9,12.0
996,12966,57.2,6.5
997,12967,47.5,9.4
998,12969,44.1,6.8
999,12970,58.4,3.9
1000,12972,59.6,3.6
1001,12973,53.7,14.6
1002,12974,50.5,13.4
1003,12975,73.6,3.5
1004,12976,47.4,26.8
1005,12977,4.6,0.0
1006,12978,67.2,27.8
1007,12979,61.6,3.7
1008,12980,48.0,12.3
1009,12981,52.1,7.1
1010,12983,57.7,6.5
1011,12985,69.8,0.3
1012,12986,52.3,8.3
1013,12987,59.4,3.5
1014,12989,63.0,5.2
1015,12992,58.8,5.8
1016,12993,53.9,11.8
1017,12996,51.2,4.8
1018,12997,65.4,5.0
1019,12998,45.6,6.3
1020,13020,43.7,22.4
1021,13021,57.6,7.9
1022,13024,0.0,-
1023,13026,63.6,4.0
1024,13027,62.0,4.9
1025,13028,51.1,14.7
1026,13029,62.9,8.8
1027,13030,67.5,5.2
1028,13031,64.3,4.9
1029,13032,59.7,4.8
1030,13033,64.5,5.2
1031,13034,57.4,6.4
1032,13035,53.3,4.0
1033,13036,55.0,9.3
1034,13037,63.6,2.8
1035,13039,66.0,6.2
1036,13040,61.3,7.2
1037,13041,70.0,5.1
1038,13042,60.5,10.5
1039,13044,64.0,7.1
1040,13045,57.9,5.6
1041,13051,67.9,21.9
1042,13052,54.7,2.9
1043,13053,59.1,5.7
1044,13054,49.0,8.5
1045,13057,61.0,7.6
1046,13060,62.8,7.2
1047,13061,55.5,7.6
1048,13062,70.1,0.0
1049,13063,74.8,3.0
1050,13064,10.0,0.0
1051,13066,64.4,2.3
1052,13068,64.6,6.1
1053,13069,50.3,12.1
1054,13071,68.1,4.9
1055,13072,50.6,5.5
1056,13073,65.6,6.0
1057,13074,55.6,12.3
1058,13076,57.6,13.1
1059,13077,65.5,5.5
1060,13078,54.3,5.1
1061,13080,60.3,8.3
1062,13081,61.8,5.3
1063,13082,58.2,9.1
1064,13083,55.6,10.8
1065,13084,67.7,2.4
1066,13087,69.6,6.0
1067,13088,59.4,6.0
1068,13090,67.7,5.5
1069,13092,65.4,4.1
1070,13101,62.7,9.7
1071,13102,0.0,-
1072,13103,39.3,22.6
1073,13104,62.6,4.6
1074,13108,65.7,3.0
1075,13110,62.3,4.4
1076,13111,55.8,4.0
1077,13112,60.1,3.9
1078,13113,64.1,8.8
1079,13114,55.4,7.7
1080,13115,44.3,0.0
1081,13116,70.2,2.9
1082,13117,46.1,1.9
1083,13118,53.4,7.0
1084,13120,57.4,5.9
1085,13122,65.7,3.7
1086,13123,49.3,0.0
1087,13124,67.6,13.2
1088,13126,52.8,8.6
1089,13131,49.9,11.3
1090,13132,61.1,4.1
1091,13134,39.8,0.0
1092,13135,59.4,9.4
1093,13136,57.9,13.7
1094,13138,-,-
1095,13140,58.1,8.9
1096,13141,68.2,3.5
1097,13142,53.1,9.9
1098,13143,51.9,6.6
1099,13144,46.5,13.7
1100,13145,49.2,8.0
1101,13146,49.9,8.1
1102,13147,66.6,6.4
1103,13148,57.7,6.6
1104,13152,58.5,4.9
1105,13153,52.5,0.0
1106,13155,56.8,8.1
1107,13156,51.1,8.9
1108,13157,37.2,11.0
1109,13158,55.9,7.3
1110,13159,65.9,6.4
1111,13160,62.9,5.3
1112,13162,69.1,4.5
1113,13163,48.3,0.0
1114,13164,71.4,7.4
1115,13165,60.8,4.6
1116,13166,61.7,8.3
1117,13167,60.9,9.3
1118,13202,37.7,17.7
1119,13203,51.5,9.8
1120,13204,52.2,11.5
1121,13205,44.9,14.3
1122,13206,60.0,7.7
1123,13207,56.8,11.0
1124,13208,51.4,12.4
1125,13209,61.5,6.4
1126,13210,42.0,11.6
1127,13211,60.8,9.0
1128,13212,57.7,6.7
1129,13214,57.6,4.3
1130,13215,60.2,5.5
1131,13219,62.3,5.6
1132,13224,56.4,10.7
1133,13290,-,-
1134,13301,75.4,0.0
1135,13302,51.6,11.3
1136,13303,62.3,7.0
1137,13304,63.3,6.5
1138,13305,71.4,2.1
1139,13308,52.6,7.2
1140,13309,56.5,8.8
1141,13310,47.1,18.8
1142,13312,38.2,13.5
1143,13313,60.5,4.2
1144,13314,53.4,7.0
1145,13315,57.1,6.8
1146,13316,56.3,5.8
1147,13317,58.0,7.0
1148,13318,62.3,4.9
1149,13319,51.4,3.4
1150,13320,64.1,5.4
1151,13321,58.5,2.1
1152,13322,62.6,5.0
1153,13323,55.4,3.6
1154,13324,47.1,18.8
1155,13325,62.8,8.8
1156,13326,58.0,3.9
1157,13327,55.0,5.6
1158,13328,68.2,4.7
1159,13329,53.8,7.3
1160,13331,55.4,0.0
1161,13332,65.0,4.3
1162,13333,45.9,15.2
1163,13334,52.4,5.5
1164,13335,62.7,5.6
1165,13337,51.9,0.0
1166,13338,45.5,10.8
1167,13339,54.3,7.2
1168,13340,59.1,7.0
1169,13341,73.9,0.0
1170,13342,61.5,13.7
1171,13343,57.4,7.3
1172,13345,60.2,5.5
1173,13346,46.2,6.6
1174,13348,64.2,6.9
1175,13350,53.5,9.3
1176,13352,50.9,0.0
1177,13353,57.9,0.0
1178,13354,62.5,4.2
1179,13355,49.9,6.6
1180,13357,55.5,10.3
1181,13360,55.5,9.1
1182,13361,55.5,11.6
1183,13362,67.4,16.2
1184,13363,57.0,7.4
1185,13364,80.5,0.0
1186,13365,56.1,7.9
1187,13367,55.5,8.7
1188,13368,50.3,13.2
1189,13402,46.0,5.5
1190,13403,39.8,4.6
1191,13404,48.3,3.9
1192,13406,53.5,14.2
1193,13407,57.4,7.0
1194,13408,37.0,5.3
1195,13409,62.1,2.4
1196,13410,51.9,0.0
1197,13411,45.1,13.7
1198,13413,58.4,6.3
1199,13415,53.7,9.4
1200,13416,59.6,7.2
1201,13417,51.8,8.8
1202,13418,55.9,6.4
1203,13420,55.7,7.1
1204,13421,56.3,6.5
1205,13424,46.8,3.5
1206,13425,60.9,6.6
1207,13428,56.8,7.5
1208,13431,56.9,10.3
1209,13433,54.0,10.7
1210,13435,70.7,2.8
1211,13436,51.1,34.8
1212,13437,48.6,10.7
1213,13438,57.2,7.4
1214,13439,58.1,8.2
1215,13440,53.1,6.0
1216,13441,0.0,-
1217,13450,54.4,5.1
1218,13452,55.6,8.1
1219,13454,48.8,12.0
1220,13456,65.0,5.7
1221,13459,56.5,10.6
1222,13460,60.8,5.1
1223,13461,58.3,3.1
1224,13464,53.2,6.9
1225,13468,64.4,2.5
1226,13469,63.4,2.9
1227,13470,47.6,7.9
1228,13471,57.5,10.0
1229,13472,69.2,12.2
1230,13473,62.4,2.0
1231,13475,63.6,0.0
1232,13476,66.1,1.8
1233,13477,70.0,0.0
1234,13478,60.9,10.6
1235,13480,56.6,6.4
1236,13483,61.1,0.0
1237,13484,100.0,0.0
1238,13485,51.3,6.0
1239,13486,61.6,10.6
1240,13488,55.9,3.7
1241,13489,53.0,15.1
1242,13490,73.9,5.3
1243,13491,57.3,5.3
1244,13492,61.0,4.7
1245,13493,52.3,8.6
1246,13494,39.8,16.9
1247,13495,61.2,11.1
1248,13501,50.6,11.7
1249,13502,52.2,10.7
1250,13601,53.9,9.4
1251,13602,1.5,0.0
1252,13603,28.4,15.1
1253,13605,55.3,7.0
1254,13606,59.6,13.1
1255,13607,47.7,22.2
1256,13608,45.2,22.6
1257,13612,48.8,10.4
1258,13613,52.5,8.0
1259,13614,46.8,6.9
1260,13615,62.2,6.6
1261,13616,33.4,18.9
1262,13617,42.5,10.3
1263,13618,48.4,12.4
1264,13619,53.0,9.4
1265,13620,47.1,13.1
1266,13621,45.1,24.9
1267,13622,61.0,5.2
1268,13623,67.5,10.0
1269,13624,47.9,7.9
1270,13625,54.2,5.7
1271,13626,60.9,4.2
1272,13628,41.4,23.7
1273,13630,60.5,6.2
1274,13633,65.5,6.2
1275,13634,59.7,7.4
1276,13635,46.2,15.5
1277,13636,55.4,10.4
1278,13637,35.5,16.1
1279,13638,26.8,21.4
1280,13639,53.4,9.6
1281,13640,34.3,0.0
1282,13641,8.6,0.0
1283,13642,43.5,12.3
1284,13643,-,-
1285,13646,46.9,10.9
1286,13647,52.2,0.0
1287,13648,48.1,12.9
1288,13650,54.6,5.9
1289,13651,35.6,0.0
1290,13652,55.6,5.9
1291,13654,49.5,4.1
1292,13655,38.2,24.7
1293,13656,63.8,10.5
1294,13658,57.6,11.6
1295,13659,49.1,13.0
1296,13660,51.2,9.7
1297,13661,52.0,14.7
1298,13662,50.4,13.0
1299,13664,59.2,10.4
1300,13665,57.6,12.0
1301,13666,27.2,32.7
1302,13667,57.0,10.1
1303,13668,59.3,8.7
1304,13669,47.6,8.0
1305,13670,45.9,5.5
1306,13672,58.8,9.2
1307,13673,54.0,7.6
1308,13674,87.0,0.0
1309,13675,40.2,41.4
1310,13676,46.2,8.2
1311,13677,82.1,0.0
1312,13678,41.5,0.0
1313,13679,53.7,18.5
1314,13680,59.7,12.2
1315,13681,61.8,10.4
1316,13682,59.9,4.3
1317,13684,56.1,8.0
1318,13685,45.1,10.4
1319,13687,38.7,22.1
1320,13690,43.3,9.6
1321,13691,53.2,12.4
1322,13692,33.8,0.0
1323,13693,45.5,8.3
1324,13694,56.8,6.8
1325,13695,56.7,0.0
1326,13696,42.3,0.0
1327,13697,51.4,12.0
1328,13730,49.9,5.9
1329,13731,48.4,4.9
1330,13732,61.0,6.2
1331,13733,55.7,4.2
1332,13734,55.8,7.1
1333,13736,56.7,8.9
1334,13739,58.2,6.4
1335,13740,52.9,12.6
1336,13743,56.7,7.8
1337,13744,69.6,7.2
1338,13746,54.7,12.9
1339,13748,62.7,7.8
1340,13750,56.2,4.8
1341,13751,63.5,18.9
1342,13752,47.5,3.5
1343,13753,44.5,10.2
1344,13754,49.0,9.8
1345,13755,55.4,2.3
1346,13756,50.3,4.3
1347,13757,61.9,4.1
1348,13760,58.3,7.1
1349,13774,74.4,0.0
1350,13775,50.7,10.1
1351,13776,49.5,12.0
1352,13777,54.0,10.5
1353,13778,61.9,5.2
1354,13780,43.0,15.1
1355,13782,55.4,2.2
1356,13783,52.0,9.1
1357,13784,48.1,0.0
1358,13786,50.2,14.2
1359,13787,48.8,9.2
1360,13788,44.9,18.9
1361,13790,55.4,7.7
1362,13794,100.0,0.0
1363,13795,55.5,8.7
1364,13796,57.5,10.9
1365,13797,52.2,8.2
1366,13801,47.9,14.5
1367,13802,53.9,9.6
1368,13803,61.7,5.5
1369,13804,61.2,13.9
1370,13806,65.2,4.1
1371,13807,61.1,6.1
1372,13808,54.2,3.2
1373,13809,52.6,4.9
1374,13810,47.3,6.7
1375,13811,63.2,3.0
1376,13812,57.1,7.6
1377,13813,42.4,18.1
1378,13815,53.7,6.7
1379,13820,49.1,8.8
1380,13825,57.3,5.5
1381,13826,0.0,-
1382,13827,61.6,6.9
1383,13830,49.0,7.9
1384,13832,34.8,17.9
1385,13833,61.7,7.5
1386,13834,100.0,0.0
1387,13835,54.9,9.6
1388,13838,53.8,11.8
1389,13839,56.2,0.0
1390,13841,46.4,13.3
1391,13842,46.1,1.2
1392,13843,58.1,8.7
1393,13844,51.6,5.0
1394,13845,0.0,-
1395,13846,40.0,6.4
1396,13847,36.4,16.7
1397,13849,56.4,6.4
1398,13850,56.0,3.8
1399,13856,51.0,7.7
1400,13859,61.5,0.0
1401,13860,78.7,21.3
1402,13861,57.3,0.0
1403,13862,58.2,7.0
1404,13863,59.0,14.7
1405,13864,59.9,8.0
1406,13865,61.7,4.5
1407,13901,55.8,8.8
1408,13902,23.5,13.8
1409,13903,55.6,7.9
1410,13904,51.8,8.0
1411,13905,48.3,10.2
1412,14001,61.0,3.5
1413,14004,53.5,6.8
1414,14005,64.8,7.2
1415,14006,59.0,9.8
1416,14008,63.2,8.8
1417,14009,57.3,8.7
1418,14011,36.4,5.6
1419,14012,50.8,5.0
1420,14013,56.1,10.6
1421,14020,57.4,6.7
1422,14024,62.2,10.6
1423,14025,68.9,5.4
1424,14026,72.5,2.3
1425,14028,59.8,9.7
1426,14030,60.7,2.6
1427,14031,59.6,5.8
1428,14032,68.6,2.1
1429,14033,68.2,8.6
1430,14034,34.2,7.7
1431,14035,44.4,0.0
1432,14036,64.7,6.1
1433,14037,65.3,3.8
1434,14039,58.0,8.9
1435,14040,60.1,5.9
1436,14041,55.8,2.1
1437,14042,53.6,12.0
1438,14043,60.4,6.4
1439,14047,59.3,8.0
1440,14048,52.9,9.6
1441,14051,68.0,2.1
1442,14052,65.5,4.3
1443,14054,63.6,4.5
1444,14055,62.7,8.5
1445,14057,59.8,6.1
1446,14058,71.6,4.0
1447,14059,61.8,2.2
1448,14060,42.8,8.5
1449,14061,64.7,7.4
1450,14062,52.8,8.4
1451,14063,51.2,6.2
1452,14065,50.3,10.9
1453,14066,59.9,7.7
1454,14067,55.0,2.2
1455,14068,51.3,3.4
1456,14069,60.3,3.2
1457,14070,36.6,8.0
1458,14072,63.8,5.8
1459,14075,60.3,7.1
1460,14080,62.7,5.2
1461,14081,51.6,8.2
1462,14082,60.9,0.0
1463,14085,69.6,4.3
1464,14086,68.9,4.6
1465,14091,61.1,10.4
1466,14092,57.0,4.6
1467,14094,58.8,7.2
1468,14098,61.2,4.0
1469,14101,57.8,6.8
1470,14102,72.4,2.3
1471,14103,51.9,10.9
1472,14105,62.2,2.3
1473,14108,54.2,5.7
1474,14109,27.8,8.8
1475,14111,62.1,10.7
1476,14112,-,-
1477,14113,68.8,3.9
1478,14120,62.0,6.6
1479,14125,61.2,7.9
1480,14126,45.6,13.3
1481,14127,62.8,3.5
1482,14129,48.1,12.8
1483,14130,60.2,0.0
1484,14131,59.2,7.4
1485,14132,64.7,5.9
1486,14134,73.6,8.6
1487,14135,42.0,24.2
1488,14136,53.2,10.8
1489,14138,58.6,6.6
1490,14139,65.6,3.8
1491,14141,59.0,4.3
1492,14143,60.5,4.3
1493,14145,65.5,3.2
1494,14150,60.5,4.9
1495,14167,65.1,6.1
1496,14168,70.8,0.0
1497,14169,56.1,0.0
1498,14170,64.9,8.1
1499,14171,52.8,6.2
1500,14172,54.8,6.3
1501,14173,51.4,12.5
1502,14174,57.6,6.7
1503,14201,54.9,9.9
1504,14202,50.2,11.5
1505,14203,51.1,6.7
1506,14204,44.0,15.2
1507,14206,52.9,12.3
1508,14207,48.5,12.6
1509,14208,40.5,17.1
1510,14209,49.9,9.3
1511,14210,53.1,14.9
1512,14211,47.1,14.0
1513,14212,46.9,15.1
1514,14213,49.5,9.1
1515,14214,55.0,7.1
1516,14215,49.2,15.1
1517,14216,65.2,7.4
1518,14217,64.2,4.2
1519,14218,55.0,11.2
1520,14219,65.1,8.2
1521,14220,62.6,6.6
1522,14221,59.9,3.2
1523,14222,65.6,6.6
1524,14223,62.2,5.1
1525,14224,61.9,6.1
1526,14225,62.1,7.4
1527,14226,62.2,5.0
1528,14227,57.4,4.6
1529,14228,57.8,6.1
1530,14261,26.5,6.2
1531,14301,43.1,15.9
1532,14302,0.0,-
1533,14303,49.1,12.8
1534,14304,59.1,7.1
1535,14305,52.8,12.2
1536,14411,38.6,9.6
1537,14414,71.0,2.7
1538,14415,76.2,10.8
1539,14416,59.2,6.3
1540,14418,59.6,4.6
1541,14420,56.4,7.0
1542,14422,61.0,6.4
1543,14423,62.2,5.9
1544,14424,56.5,6.7
1545,14425,65.5,6.2
1546,14427,63.3,7.8
1547,14428,63.8,3.4
1548,14432,60.4,6.4
1549,14433,55.2,7.7
1550,14435,65.1,5.6
1551,14437,44.0,5.9
1552,14441,54.8,13.4
1553,14445,67.5,6.1
1554,14450,63.7,6.0
1555,14454,46.4,5.5
1556,14456,56.1,7.5
1557,14462,60.9,11.4
1558,14464,64.7,6.7
1559,14466,73.1,3.9
1560,14467,65.5,4.7
1561,14468,67.2,5.2
1562,14469,64.5,8.2
1563,14470,59.1,8.8
1564,14471,56.6,5.5
1565,14472,67.3,2.7
1566,14475,66.1,0.0
1567,14476,57.2,5.4
1568,14477,57.0,9.3
1569,14478,53.7,6.7
1570,14479,63.3,0.0
1571,14480,55.4,10.3
1572,14481,64.2,5.9
1573,14482,66.4,6.8
1574,14485,58.2,1.5
1575,14486,65.9,16.8
1576,14487,63.1,5.7
1577,14489,49.0,12.3
1578,14502,65.9,3.5
1579,14504,67.0,4.5
1580,14505,60.8,4.4
1581,14506,61.3,7.6
1582,14507,58.9,7.4
1583,14510,52.7,8.0
1584,14511,54.1,0.0
1585,14512,53.6,7.5
1586,14513,52.8,10.8
1587,14514,60.1,8.0
1588,14516,56.9,9.4
1589,14517,51.9,6.9
1590,14519,63.0,4.8
1591,14521,51.2,8.0
1592,14522,62.1,7.5
1593,14525,64.8,9.4
1594,14526,63.1,4.1
1595,14527,55.9,6.1
1596,14529,69.4,0.0
1597,14530,58.5,9.3
1598,14532,66.1,3.6
1599,14533,70.5,2.1
1600,14534,61.1,4.9
1601,14536,51.0,12.6
1602,14537,68.9,8.8
1603,14539,74.6,0.0
1604,14541,29.1,5.7
1605,14542,33.3,25.0
1606,14543,67.9,2.3
1607,14544,59.4,7.1
1608,14545,54.7,5.1
1609,14546,66.6,6.8
1610,14548,64.0,6.9
1611,14549,73.7,0.0
1612,14550,59.8,6.0
1613,14551,54.1,8.2
1614,14555,52.2,7.2
1615,14559,63.7,6.4
1616,14560,56.6,7.6
1617,14561,70.7,8.2
1618,14564,61.5,5.7
1619,14568,71.0,5.7
1620,14569,58.2,9.8
1621,14571,47.0,9.3
1622,14572,54.3,9.5
1623,14580,64.3,4.6
1624,14585,30.4,0.0
1625,14586,67.6,4.3
1626,14588,9.4,7.9
1627,14589,56.1,8.8
1628,14590,52.6,7.3
1629,14591,57.7,4.6
1630,14592,85.2,0.0
1631,14604,33.5,14.6
1632,14605,40.5,25.6
1633,14606,57.5,10.5
1634,14607,74.2,4.6
1635,14608,41.6,22.3
1636,14609,60.8,10.4
1637,14610,63.3,3.8
1638,14611,44.2,18.9
1639,14612,64.1,4.8
1640,14613,49.8,17.6
1641,14614,2.0,46.5
1642,14615,57.2,9.5
1643,14616,57.5,7.1
1644,14617,61.5,5.4
1645,14618,60.3,3.7
1646,14619,54.4,16.9
1647,14620,59.2,6.7
1648,14621,45.5,20.2
1649,14622,59.1,5.8
1650,14623,55.1,9.0
1651,14624,65.0,5.6
1652,14625,58.6,5.5
1653,14626,59.1,5.2
1654,14627,34.1,13.8
1655,14701,54.8,8.6
1656,14706,54.1,7.4
1657,14707,43.8,8.3
1658,14708,58.8,4.9
1659,14709,52.6,9.3
1660,14710,57.1,6.4
1661,14711,53.2,5.7
1662,14712,61.6,5.0
1663,14714,54.6,6.5
1664,14715,53.5,10.2
1665,14716,37.9,7.8
1666,14717,45.1,12.2
1667,14718,48.4,4.5
1668,14719,54.3,6.3
1669,14720,54.8,17.7
1670,14721,67.0,1.5
1671,14722,18.1,10.1
1672,14723,58.3,7.3
1673,14724,58.8,5.7
1674,14726,48.2,7.5
1675,14727,55.8,9.1
1676,14728,50.4,0.0
1677,14729,65.9,4.9
1678,14731,58.9,7.3
1679,14732,57.9,6.7
1680,14733,62.2,5.5
1681,14735,57.2,8.9
1682,14736,62.0,1.6
1683,14737,53.1,10.8
1684,14738,56.1,8.2
1685,14739,44.2,14.0
1686,14740,50.3,4.1
1687,14741,52.7,7.5
1688,14742,48.6,0.0
1689,14743,55.3,9.4
1690,14744,51.4,4.7
1691,14747,59.0,8.9
1692,14748,51.7,10.7
1693,14750,58.0,4.3
1694,14752,27.5,0.0
1695,14753,55.2,9.4
1696,14754,60.3,1.0
1697,14755,57.4,7.3
1698,14756,25.5,51.5
1699,14757,47.9,4.9
1700,14760,57.5,8.0
1701,14767,53.0,10.5
1702,14769,49.4,7.2
1703,14770,59.4,5.7
1704,14772,57.7,6.5
1705,14774,57.1,12.6
1706,14775,56.1,5.7
1707,14777,53.7,9.1
1708,14778,30.7,6.9
1709,14779,49.2,13.3
1710,14781,58.4,2.8
1711,14782,60.8,9.1
1712,14783,65.8,8.4
1713,14784,41.1,9.9
1714,14787,50.9,8.8
1715,14788,41.9,10.2
1716,14801,53.7,8.6
1717,14802,42.5,12.8
1718,14803,61.0,12.8
1719,14804,58.5,6.3
1720,14805,56.1,6.4
1721,14806,53.7,7.9
1722,14807,58.8,6.3
1723,14808,49.0,2.7
1724,14809,51.6,14.6
1725,14810,48.6,8.0
1726,14812,57.9,7.6
1727,14813,50.1,8.9
1728,14814,66.5,3.1
1729,14815,44.5,15.1
1730,14816,62.3,8.9
1731,14817,61.0,16.1
1732,14818,53.3,7.4
1733,14819,41.0,7.8
1734,14820,47.3,10.2
1735,14821,56.5,8.0
1736,14822,47.4,7.1
1737,14823,49.9,11.1
1738,14824,59.5,8.2
1739,14825,58.9,2.9
1740,14826,48.9,9.8
1741,14827,30.0,0.0
1742,14830,61.2,7.0
1743,14836,51.7,11.9
1744,14837,55.5,7.3
1745,14838,62.1,5.7
1746,14839,61.4,9.7
1747,14840,53.0,7.5
1748,14841,50.4,1.5
1749,14842,71.5,7.4
1750,14843,50.1,9.9
1751,14845,60.0,2.9
1752,14846,52.9,5.2
1753,14847,62.5,1.7
1754,14850,51.9,5.3
1755,14853,24.0,28.1
1756,14854,100.0,0.0
1757,14855,49.6,6.6
1758,14856,44.9,0.0
1759,14858,55.3,7.5
1760,14859,55.7,9.8
1761,14860,58.5,3.9
1762,14861,55.1,4.0
1763,14864,52.9,5.6
1764,14865,49.4,7.2
1765,14867,60.8,7.5
1766,14869,62.6,1.7
1767,14870,60.3,5.3
1768,14871,47.9,4.6
1769,14872,70.0,7.9
1770,14873,52.8,9.9
1771,14874,40.0,7.1
1772,14877,62.0,6.6
1773,14878,58.7,1.0
1774,14879,52.0,12.0
1775,14880,49.3,12.4
1776,14881,69.4,11.1
1777,14882,71.5,2.5
1778,14883,60.3,4.2
1779,14884,66.3,1.8
1780,14885,54.2,9.0
1781,14886,60.6,4.3
1782,14889,57.5,5.5
1783,14891,53.2,6.1
1784,14892,55.1,9.2
1785,14893,50.0,0.0
1786,14894,49.7,7.6
1787,14895,51.0,9.4
1788,14897,55.9,5.2
1789,14898,51.4,6.8
1790,14901,37.2,8.8
1791,14903,59.2,2.9
1792,14904,54.6,6.7
1793,14905,59.4,7.0
