,Zip Code,2015 Median Household Income
1,06390,151083
2,10001,86801
3,10002,33726
4,10003,98151
5,10004,119691
6,10005,124194
7,10006,123691
8,10007,"250,000+"
9,10009,59090
10,10010,101718
11,10011,109818
12,10012,100859
13,10013,96667
14,10014,113973
15,10016,104826
16,10017,106421
17,10018,105500
18,10019,94022
19,10020,-
20,10021,115076
21,10022,126378
22,10023,111478
23,10024,113839
24,10025,74065
25,10026,47264
26,10027,40782
27,10028,114939
28,10029,31350
29,10030,33196
30,10031,39774
31,10032,37280
32,10033,44933
33,10034,42581
34,10035,27424
35,10036,75966
36,10037,35491
37,10038,76379
38,10039,33558
39,10040,46200
40,10044,91383
41,10065,112869
42,10069,163750
43,10075,111691
44,10103,-
45,10110,-
46,10111,-
47,10112,-
48,10115,-
49,10119,-
50,10128,100200
51,10152,-
52,10153,-
53,10154,-
54,10162,193510
55,10165,-
56,10167,-
57,10168,-
58,10169,-
59,10170,-
60,10171,-
61,10172,-
62,10173,-
63,10174,-
64,10177,-
65,10199,-
66,10271,-
67,10278,-
68,10279,-
69,10280,145432
70,10282,"250,000+"
71,10301,54605
72,10302,54170
73,10303,52553
74,10304,54106
75,10305,72782
76,10306,79686
77,10307,76857
78,10308,87174
79,10309,87509
80,10310,68080
81,10311,-
82,10312,84584
83,10314,77331
84,10451,26048
85,10452,24790
86,10453,23095
87,10454,20210
88,10455,23253
89,10456,23956
90,10457,24750
91,10458,27912
92,10459,23761
93,10460,23209
94,10461,51568
95,10462,45760
96,10463,56482
97,10464,75208
98,10465,73776
99,10466,42478
100,10467,35117
101,10468,34784
102,10469,57207
103,10470,57706
104,10471,80222
105,10472,29308
106,10473,36764
107,10474,26585
108,10475,44923
109,10501,141563
110,10502,157132
111,10504,205912
112,10505,143750
113,10506,206207
114,10507,64351
115,10509,94226
116,10510,146723
117,10511,98370
118,10512,90095
119,10514,212528
120,10516,92381
121,10517,89250
122,10518,187898
123,10520,101932
124,10522,116671
125,10523,87353
126,10524,119583
127,10526,122250
128,10527,152212
129,10528,105570
130,10530,102317
131,10532,105739
132,10533,139574
133,10535,53636
134,10536,157875
135,10537,77396
136,10538,152500
137,10541,107901
138,10543,83827
139,10545,-
140,10546,115278
141,10547,94982
142,10548,77059
143,10549,91184
144,10550,40698
145,10552,70991
146,10553,70513
147,10560,126905
148,10562,71773
149,10566,52125
150,10567,119521
151,10570,125814
152,10573,67206
153,10576,172714
154,10577,216250
155,10578,115714
156,10579,105694
157,10580,156595
158,10583,175123
159,10588,73054
160,10589,100240
161,10590,131607
162,10591,78388
163,10594,116950
164,10595,103889
165,10596,54432
166,10597,207895
167,10598,116862
168,10601,69234
169,10603,91884
170,10604,87396
171,10605,107325
172,10606,69579
173,10607,130982
174,10701,42238
175,10703,58244
176,10704,70272
177,10705,45446
178,10706,127632
179,10707,94427
180,10708,98014
181,10709,95625
182,10710,82324
183,10801,56101
184,10803,151607
185,10804,161445
186,10805,57672
187,10901,87444
188,10910,-
189,10911,-
190,10913,120929
191,10914,129632
192,10915,-
193,10916,105104
194,10917,96077
195,10918,91471
196,10919,97703
197,10920,103344
198,10921,86071
199,10922,96875
200,10923,83734
201,10924,90184
202,10925,68125
203,10926,66394
204,10927,56061
205,10928,77969
206,10930,129477
207,10931,78162
208,10932,-
209,10933,97845
210,10940,57007
211,10941,66141
212,10950,70645
213,10952,55595
214,10953,123600
215,10954,90743
216,10956,119899
217,10958,103203
218,10960,80141
219,10962,94303
220,10963,74821
221,10964,83257
222,10965,94352
223,10968,91581
224,10969,92500
225,10970,82856
226,10973,91250
227,10974,86006
228,10976,46750
229,10977,56598
230,10979,68125
231,10980,95214
232,10983,113036
233,10984,120341
234,10985,-
235,10986,119671
236,10987,97279
237,10988,79375
238,10989,104285
239,10990,88452
240,10992,84830
241,10993,64627
242,10994,130060
243,10996,100385
244,10998,98036
245,11001,99691
246,11003,89831
247,11004,85968
248,11005,58894
249,11010,97741
250,11020,123438
251,11021,90993
252,11023,106699
253,11024,94243
254,11030,161786
255,11040,106654
256,11042,-
257,11050,104261
258,11096,48449
259,11101,48013
260,11102,51123
261,11103,59243
262,11104,55294
263,11105,61646
264,11106,54109
265,11109,129505
266,11201,101150
267,11203,45936
268,11204,46560
269,11205,47575
270,11206,30779
271,11207,34252
272,11208,35698
273,11209,62761
274,11210,57565
275,11211,54406
276,11212,28207
277,11213,34701
278,11214,49828
279,11215,103716
280,11216,47107
281,11217,87091
282,11218,56120
283,11219,35974
284,11220,38893
285,11221,40635
286,11222,72409
287,11223,43019
288,11224,28006
289,11225,44911
290,11226,43399
291,11228,64250
292,11229,52168
293,11230,41068
294,11231,83310
295,11232,44474
296,11233,33745
297,11234,71115
298,11235,42818
299,11236,58705
300,11237,44950
301,11238,70873
302,11239,26186
303,11351,-
304,11354,44741
305,11355,39168
306,11356,57194
307,11357,73750
308,11358,65258
309,11359,-
310,11360,80235
311,11361,79158
312,11362,86758
313,11363,89219
314,11364,72477
315,11365,59520
316,11366,72486
317,11367,56557
318,11368,45004
319,11369,52310
320,11370,53427
321,11371,-
322,11372,50485
323,11373,47588
324,11374,52132
325,11375,72414
326,11377,50436
327,11378,57127
328,11379,71551
329,11385,55331
330,11411,81149
331,11412,72458
332,11413,81287
333,11414,68374
334,11415,63756
335,11416,58392
336,11417,62057
337,11418,61480
338,11419,58266
339,11420,59660
340,11421,60996
341,11422,84955
342,11423,62179
343,11424,-
344,11425,-
345,11426,77146
346,11427,66007
347,11428,67151
348,11429,68684
349,11430,-
350,11432,50702
351,11433,42964
352,11434,58076
353,11435,52686
354,11436,64005
355,11451,-
356,11501,89347
357,11507,111875
358,11509,135750
359,11510,93768
360,11514,97692
361,11516,95720
362,11518,92901
363,11520,72628
364,11530,139821
365,11542,68647
366,11545,142219
367,11547,115917
368,11548,100893
369,11549,-
370,11550,57003
371,11552,97254
372,11553,70201
373,11554,94214
374,11556,-
375,11557,120617
376,11558,72292
377,11559,115252
378,11560,103594
379,11561,89252
380,11563,85194
381,11565,110110
382,11566,125992
383,11568,172750
384,11569,110398
385,11570,107442
386,11572,95750
387,11575,65890
388,11576,152910
389,11577,116667
390,11579,110696
391,11580,90536
392,11581,100787
393,11590,89083
394,11596,110575
395,11598,129907
396,11691,42023
397,11692,42127
398,11693,53281
399,11694,75094
400,11697,93333
401,11701,73494
402,11702,97294
403,11703,88983
404,11704,81072
405,11705,98321
406,11706,79086
407,11709,101221
408,11710,106204
409,11713,71101
410,11714,88750
411,11715,108009
412,11716,79968
413,11717,70208
414,11718,122692
415,11719,91488
416,11720,91224
417,11721,106786
418,11722,66570
419,11724,200313
420,11725,113613
421,11726,69123
422,11727,75408
423,11729,83122
424,11730,115402
425,11731,99360
426,11732,116125
427,11733,129358
428,11735,91156
429,11738,94522
430,11739,129464
431,11740,89102
432,11741,100133
433,11742,86381
434,11743,113750
435,11746,99414
436,11747,117288
437,11749,87976
438,11751,95191
439,11752,100108
440,11753,145947
441,11754,100101
442,11755,96654
443,11756,100773
444,11757,81330
445,11758,104128
446,11762,112083
447,11763,85450
448,11764,109153
449,11765,137500
450,11766,111397
451,11767,119319
452,11768,117023
453,11769,86000
454,11770,148750
455,11771,118264
456,11772,68077
457,11776,92280
458,11777,112660
459,11778,90658
460,11779,85972
461,11780,107170
462,11782,110869
463,11783,105915
464,11784,89699
465,11786,121875
466,11787,111961
467,11788,105019
468,11789,87955
469,11790,134536
470,11791,151627
471,11792,120997
472,11793,113481
473,11794,-
474,11795,110815
475,11796,104236
476,11797,157216
477,11798,70343
478,11801,93759
479,11803,126536
480,11804,118900
481,11901,55450
482,11930,86083
483,11931,-
484,11932,70461
485,11933,59605
486,11934,90080
487,11935,86125
488,11937,84847
489,11939,72500
490,11940,96607
491,11941,102135
492,11942,88784
493,11944,56029
494,11946,75670
495,11948,103112
496,11949,105279
497,11950,71088
498,11951,63043
499,11952,74313
500,11953,70829
501,11954,72903
502,11955,61667
503,11957,75375
504,11958,65288
505,11959,85125
506,11960,103151
507,11961,56236
508,11962,209125
509,11963,86111
510,11964,79091
511,11965,101771
512,11967,82682
513,11968,82024
514,11971,89074
515,11972,104444
516,11973,-
517,11975,79250
518,11976,115547
519,11977,97045
520,11978,83203
521,11980,90313
522,12007,-
523,12008,93250
524,12009,89605
525,12010,44711
526,12015,58533
527,12017,62917
528,12018,81205
529,12019,88059
530,12020,73712
531,12022,51719
532,12023,61488
533,12024,-
534,12025,58923
535,12027,86656
536,12028,81923
537,12029,79000
538,12031,49167
539,12032,47130
540,12033,69733
541,12035,37647
542,12036,36875
543,12037,61188
544,12040,39063
545,12041,68571
546,12043,49869
547,12045,41250
548,12046,80129
549,12047,51313
550,12051,58664
551,12052,66012
552,12053,80082
553,12054,96813
554,12056,95714
555,12057,46797
556,12058,65000
557,12059,76250
558,12060,70278
559,12061,85043
560,12062,63258
561,12063,155658
562,12064,60119
563,12065,81192
564,12066,58672
565,12067,66875
566,12068,52473
567,12070,61250
568,12071,51563
569,12072,45000
570,12074,68690
571,12075,60544
572,12076,58478
573,12077,95135
574,12078,39810
575,12083,66250
576,12084,68080
577,12085,41985
578,12086,60417
579,12087,69531
580,12089,64375
581,12090,57181
582,12092,41500
583,12093,50900
584,12094,74625
585,12095,48142
586,12106,72417
587,12108,64750
588,12110,73997
589,12115,67083
590,12116,46458
591,12117,54420
592,12118,63750
593,12120,56250
594,12121,67243
595,12122,44738
596,12123,70331
597,12124,108977
598,12125,51741
599,12130,89750
600,12131,58750
601,12132,61150
602,12134,53214
603,12136,89276
604,12137,61563
605,12138,61296
606,12139,50625
607,12140,82564
608,12143,49803
609,12144,63286
610,12147,63000
611,12148,101307
612,12149,51000
613,12150,64286
614,12151,72321
615,12153,87393
616,12154,66579
617,12155,51304
618,12156,78170
619,12157,53929
620,12158,81006
621,12159,87927
622,12160,58333
623,12161,-
624,12164,58125
625,12165,105833
626,12166,43646
627,12167,46875
628,12168,60417
629,12169,50938
630,12170,66450
631,12172,46806
632,12173,68857
633,12174,57917
634,12175,48456
635,12176,75760
636,12177,70250
637,12180,49283
638,12182,40327
639,12183,55000
640,12184,77500
641,12185,72400
642,12186,86648
643,12187,49464
644,12188,62439
645,12189,49157
646,12190,43000
647,12192,63462
648,12193,76786
649,12194,61250
650,12196,92500
651,12197,44250
652,12198,82899
653,12202,25952
654,12203,51842
655,12204,49408
656,12205,64161
657,12206,28239
658,12207,10675
659,12208,56018
660,12209,52788
661,12210,43535
662,12211,90734
663,12222,-
664,12302,66437
665,12303,62402
666,12304,48427
667,12305,25552
668,12306,59816
669,12307,17772
670,12308,43908
671,12309,92904
672,12401,46071
673,12404,71615
674,12405,44485
675,12406,41111
676,12407,70833
677,12409,65625
678,12410,60469
679,12411,81518
680,12412,50568
681,12413,33468
682,12414,46925
683,12416,25050
684,12417,50549
685,12418,63393
686,12419,55893
687,12420,86466
688,12421,45313
689,12422,67569
690,12423,40750
691,12424,38750
692,12427,89044
693,12428,45565
694,12430,50530
695,12431,39907
696,12432,58913
697,12433,134261
698,12434,28083
699,12435,34205
700,12438,101250
701,12439,37188
702,12440,51375
703,12441,116500
704,12442,28472
705,12443,76897
706,12444,38229
707,12446,57373
708,12448,61648
709,12449,37951
710,12450,-
711,12451,60974
712,12452,41538
713,12453,34434
714,12454,73750
715,12455,40439
716,12456,47656
717,12458,43393
718,12459,40195
719,12460,52014
720,12461,63445
721,12463,51197
722,12464,47778
723,12465,71875
724,12466,67616
725,12468,41776
726,12469,44643
727,12470,51731
728,12471,46250
729,12472,56250
730,12473,73622
731,12474,41538
732,12477,58843
733,12480,41406
734,12481,54467
735,12482,34222
736,12483,35865
737,12484,79327
738,12485,51382
739,12486,74922
740,12487,71736
741,12489,67868
742,12490,-
743,12491,57917
744,12492,50139
745,12493,85547
746,12494,59844
747,12495,82857
748,12496,50435
749,12498,67229
750,12501,64485
751,12502,72250
752,12503,63472
753,12504,68125
754,12507,66538
755,12508,68965
756,12513,67917
757,12514,89306
758,12515,55536
759,12516,52847
760,12517,60469
761,12518,76143
762,12520,89417
763,12521,68958
764,12522,53156
765,12523,64643
766,12524,75789
767,12525,74038
768,12526,64853
769,12528,62583
770,12529,62143
771,12530,16821
772,12531,81686
773,12533,101781
774,12534,45263
775,12538,72500
776,12540,102270
777,12542,64874
778,12543,59310
779,12545,67596
780,12546,61389
781,12547,69537
782,12548,56625
783,12549,83352
784,12550,56222
785,12553,70279
786,12561,66911
787,12563,83811
788,12564,81429
789,12565,41875
790,12566,79424
791,12567,64405
792,12569,73324
793,12570,100161
794,12571,69217
795,12572,69901
796,12574,85750
797,12575,120833
798,12577,77750
799,12578,79798
800,12580,72589
801,12581,74688
802,12582,94600
803,12583,58938
804,12585,115357
805,12586,68810
806,12589,81609
807,12590,80188
808,12592,60543
809,12594,66445
810,12601,40508
811,12603,75569
812,12604,-
813,12701,32403
814,12719,51607
815,12720,78690
816,12721,58849
817,12723,54375
818,12724,60848
819,12725,43750
820,12726,59583
821,12729,51542
822,12732,40568
823,12733,44286
824,12734,62632
825,12736,35938
826,12737,65500
827,12738,75600
828,12740,59198
829,12741,30000
830,12742,40781
831,12743,51354
832,12745,64375
833,12746,83221
834,12747,62576
835,12748,59107
836,12749,46313
837,12750,74792
838,12751,49531
839,12752,50781
840,12754,39598
841,12758,53147
842,12759,25700
843,12760,50962
844,12762,39762
845,12763,58144
846,12764,51053
847,12765,68177
848,12766,70227
849,12767,111875
850,12768,41983
851,12770,49688
852,12771,46446
853,12775,89167
854,12776,57422
855,12777,73750
856,12779,37992
857,12780,36490
858,12781,58036
859,12783,59394
860,12784,-
861,12785,48147
862,12786,44201
863,12787,58365
864,12788,40139
865,12789,50114
866,12790,48951
867,12791,58380
868,12792,36563
869,12801,45395
870,12803,59438
871,12804,63120
872,12808,76458
873,12809,58125
874,12810,57500
875,12811,-
876,12812,49583
877,12814,58176
878,12815,60458
879,12816,50417
880,12817,59861
881,12819,43839
882,12821,34000
883,12822,52578
884,12823,82639
885,12824,61650
886,12827,62917
887,12828,51250
888,12831,78505
889,12832,43918
890,12833,65898
891,12834,56104
892,12835,51148
893,12836,61739
894,12837,45446
895,12838,56250
896,12839,44350
897,12841,27500
898,12842,37321
899,12843,38393
900,12844,60000
901,12845,66710
902,12846,53112
903,12847,62917
904,12849,70263
905,12850,74622
906,12851,48036
907,12852,46094
908,12853,38906
909,12855,44583
910,12857,49397
911,12859,55776
912,12860,38043
913,12861,63125
914,12862,-
915,12863,69125
916,12864,-
917,12865,57000
918,12866,70515
919,12870,55938
920,12871,64653
921,12872,28750
922,12873,48750
923,12874,69583
924,12878,50500
925,12883,52936
926,12884,46250
927,12885,53232
928,12887,47440
929,12901,43642
930,12903,50583
931,12910,56447
932,12911,-
933,12912,50714
934,12913,55761
935,12914,50208
936,12916,55865
937,12917,55417
938,12918,58906
939,12919,42226
940,12920,50150
941,12921,63750
942,12922,53125
943,12923,40375
944,12924,39479
945,12926,50500
946,12927,43750
947,12928,44669
948,12929,45795
949,12930,45357
950,12932,46875
951,12933,-
952,12934,38393
953,12935,48514
954,12936,60147
955,12937,40719
956,12939,54688
957,12941,61250
958,12942,47050
959,12943,51591
960,12944,47197
961,12945,71250
962,12946,55917
963,12950,46667
964,12952,42813
965,12953,48684
966,12955,64018
967,12956,65125
968,12957,34783
969,12958,40456
970,12959,44286
971,12960,75781
972,12962,68852
973,12965,38542
974,12966,42200
975,12967,44145
976,12969,40250
977,12970,45000
978,12972,66141
979,12973,60000
980,12974,40500
981,12975,70509
982,12976,61250
983,12977,-
984,12979,64417
985,12980,40774
986,12981,54886
987,12983,50833
988,12985,39722
989,12986,50958
990,12987,33942
991,12989,62656
992,12992,50403
993,12993,43704
994,12996,44643
995,12997,65850
996,12998,27684
997,13020,45750
998,13021,47486
999,13024,-
1000,13026,65750
1001,13027,69368
1002,13028,40000
1003,13029,68729
1004,13030,60871
1005,13031,70259
1006,13032,51581
1007,13033,60326
1008,13034,57000
1009,13035,70168
1010,13036,51722
1011,13037,64508
1012,13039,79474
1013,13040,46369
1014,13041,78929
1015,13042,55625
1016,13044,61027
1017,13045,46204
1018,13052,53958
1019,13053,62917
1020,13054,51897
1021,13057,55848
1022,13060,57083
1023,13061,59861
1024,13063,78352
1025,13066,77004
1026,13068,65813
1027,13069,43858
1028,13071,63750
1029,13072,50938
1030,13073,54133
1031,13074,50992
1032,13076,51694
1033,13077,57366
1034,13078,83558
1035,13080,58889
1036,13081,58173
1037,13082,58077
1038,13083,49952
1039,13084,66513
1040,13087,133750
1041,13088,53091
1042,13090,68411
1043,13092,63125
1044,13101,60344
1045,13102,-
1046,13104,99631
1047,13108,75278
1048,13110,70769
1049,13111,52019
1050,13112,55000
1051,13113,61875
1052,13114,52188
1053,13115,40833
1054,13116,59209
1055,13117,54750
1056,13118,56375
1057,13120,55795
1058,13122,61518
1059,13123,66875
1060,13124,46094
1061,13126,47467
1062,13131,51847
1063,13132,57688
1064,13134,44583
1065,13135,49576
1066,13136,42212
1067,13138,-
1068,13140,49681
1069,13141,44853
1070,13142,45542
1071,13143,46944
1072,13144,43404
1073,13145,44313
1074,13146,44954
1075,13147,66875
1076,13148,49393
1077,13152,86380
1078,13153,47250
1079,13155,45179
1080,13156,55773
1081,13157,39750
1082,13158,45500
1083,13159,72745
1084,13160,64630
1085,13162,81571
1086,13163,49444
1087,13164,72750
1088,13165,48344
1089,13166,56628
1090,13167,51250
1091,13202,15565
1092,13203,30731
1093,13204,28220
1094,13205,30284
1095,13206,38264
1096,13207,44741
1097,13208,32526
1098,13209,52218
1099,13210,25229
1100,13211,44579
1101,13212,51997
1102,13214,68424
1103,13215,82421
1104,13219,59590
1105,13224,51591
1106,13290,-
1107,13301,74107
1108,13302,48594
1109,13303,64107
1110,13304,80469
1111,13305,90000
1112,13308,40585
1113,13309,53829
1114,13310,48188
1115,13312,40882
1116,13313,38438
1117,13314,43542
1118,13315,49861
1119,13316,44719
1120,13317,50900
1121,13318,58864
1122,13319,40833
1123,13320,55781
1124,13321,50168
1125,13322,45368
1126,13323,63169
1127,13324,37267
1128,13325,50391
1129,13326,60268
1130,13327,43676
1131,13328,55313
1132,13329,43295
1133,13331,74063
1134,13332,44114
1135,13333,60125
1136,13334,53750
1137,13335,57292
1138,13337,51932
1139,13338,47721
1140,13339,42936
1141,13340,45429
1142,13341,107938
1143,13342,56667
1144,13343,51576
1145,13346,70227
1146,13348,42604
1147,13350,43988
1148,13353,34375
1149,13354,69788
1150,13355,42672
1151,13357,42627
1152,13360,41406
1153,13361,51500
1154,13363,58947
1155,13364,40625
1156,13365,43922
1157,13367,54543
1158,13368,45772
1159,13402,47500
1160,13403,81071
1161,13404,32500
1162,13406,54196
1163,13407,48417
1164,13408,49167
1165,13409,53631
1166,13410,53000
1167,13411,40688
1168,13413,68184
1169,13415,41250
1170,13416,56307
1171,13417,31289
1172,13418,53750
1173,13420,59750
1174,13421,46810
1175,13424,56489
1176,13425,49118
1177,13428,46297
1178,13431,60543
1179,13433,44103
1180,13435,46250
1181,13436,53750
1182,13437,47917
1183,13438,51471
1184,13439,47000
1185,13440,48906
1186,13441,-
1187,13450,50179
1188,13452,40331
1189,13454,36125
1190,13456,63922
1191,13459,47348
1192,13460,44875
1193,13461,55943
1194,13464,44500
1195,13468,46000
1196,13469,70000
1197,13470,41339
1198,13471,50402
1199,13472,72167
1200,13473,56500
1201,13476,51563
1202,13477,46375
1203,13478,59516
1204,13480,46146
1205,13483,42188
1206,13484,92796
1207,13485,40078
1208,13486,55583
1209,13488,62813
1210,13489,50750
1211,13490,67500
1212,13491,56181
1213,13492,61058
1214,13493,51532
1215,13494,45250
1216,13495,52500
1217,13501,31945
1218,13502,35340
1219,13601,45971
1220,13602,51364
1221,13603,41929
1222,13605,49142
1223,13606,54522
1224,13607,43615
1225,13608,50882
1226,13612,60567
1227,13613,42875
1228,13614,35625
1229,13615,54830
1230,13616,45179
1231,13617,50213
1232,13618,51157
1233,13619,53144
1234,13620,43889
1235,13621,37188
1236,13622,55123
1237,13623,78750
1238,13624,59559
1239,13625,49833
1240,13626,51471
1241,13628,45000
1242,13630,55750
1243,13633,67625
1244,13634,53995
1245,13635,34345
1246,13636,57000
1247,13637,51956
1248,13638,38750
1249,13639,48750
1250,13640,50536
1251,13642,39383
1252,13643,-
1253,13646,41696
1254,13647,99423
1255,13648,47031
1256,13650,56324
1257,13651,79545
1258,13652,44167
1259,13654,43490
1260,13655,31881
1261,13656,52949
1262,13658,56227
1263,13659,48646
1264,13660,41979
1265,13661,59063
1266,13662,41889
1267,13664,60313
1268,13665,60106
1269,13666,24844
1270,13667,39698
1271,13668,46356
1272,13669,42129
1273,13670,40313
1274,13672,48417
1275,13673,48589
1276,13674,-
1277,13675,-
1278,13676,50271
1279,13677,-
1280,13679,47988
1281,13680,33681
1282,13681,46125
1283,13682,65625
1284,13684,46250
1285,13685,56875
1286,13687,43693
1287,13690,40500
1288,13691,56793
1289,13692,59803
1290,13693,46875
1291,13694,70134
1292,13695,95156
1293,13696,-
1294,13697,37212
1295,13730,45600
1296,13731,46842
1297,13732,77775
1298,13733,49859
1299,13734,58333
1300,13736,60500
1301,13739,50469
1302,13740,50938
1303,13743,52622
1304,13744,55395
1305,13746,51793
1306,13748,46570
1307,13750,37750
1308,13751,37917
1309,13752,43167
1310,13753,49693
1311,13754,44282
1312,13755,33393
1313,13756,46198
1314,13757,52056
1315,13760,52598
1316,13774,71071
1317,13775,47750
1318,13776,50625
1319,13777,53125
1320,13778,55410
1321,13780,47163
1322,13782,47292
1323,13783,39342
1324,13784,38125
1325,13786,51797
1326,13787,39634
1327,13788,51382
1328,13790,39803
1329,13794,84375
1330,13795,50299
1331,13796,51875
1332,13797,48533
1333,13801,36691
1334,13802,56071
1335,13803,55195
1336,13804,54432
1337,13806,62955
1338,13807,56136
1339,13808,48068
1340,13809,50069
1341,13810,34688
1342,13811,52500
1343,13812,48359
1344,13813,42768
1345,13815,44647
1346,13820,44614
1347,13825,50515
1348,13826,-
1349,13827,59730
1350,13830,46742
1351,13832,33415
1352,13833,47399
1353,13834,-
1354,13835,44750
1355,13838,34753
1356,13839,44000
1357,13841,43250
1358,13842,77778
1359,13843,44178
1360,13844,41750
1361,13845,-
1362,13846,45625
1363,13847,-
1364,13849,42226
1365,13850,61546
1366,13856,38086
1367,13859,63021
1368,13860,-
1369,13862,59963
1370,13863,56094
1371,13864,39057
1372,13865,60399
1373,13901,41921
1374,13902,-
1375,13903,41556
1376,13904,41738
1377,13905,35046
1378,14001,54698
1379,14004,66089
1380,14005,59318
1381,14006,53642
1382,14008,55625
1383,14009,44464
1384,14011,60307
1385,14012,52045
1386,14013,48833
1387,14020,44864
1388,14024,59338
1389,14025,62073
1390,14026,79563
1391,14028,60625
1392,14030,56932
1393,14031,69530
1394,14032,99194
1395,14033,86708
1396,14034,55000
1397,14036,55744
1398,14037,68056
1399,14039,48750
1400,14040,63214
1401,14041,47000
1402,14042,35156
1403,14043,51318
1404,14047,58148
1405,14048,40804
1406,14051,107500
1407,14052,75750
1408,14054,55375
1409,14055,63242
1410,14057,63497
1411,14058,67155
1412,14059,78322
1413,14061,59545
1414,14062,50469
1415,14063,49596
1416,14065,42143
1417,14066,50455
1418,14067,48246
1419,14068,59262
1420,14069,41042
1421,14070,42575
1422,14072,78597
1423,14075,62963
1424,14080,61920
1425,14081,57019
1426,14082,44063
1427,14085,85536
1428,14086,77999
1429,14091,61304
1430,14092,67500
1431,14094,51787
1432,14098,54148
1433,14101,53125
1434,14102,95083
1435,14103,45235
1436,14105,62985
1437,14108,50352
1438,14109,-
1439,14111,54940
1440,14112,-
1441,14113,41359
1442,14120,56089
1443,14125,54022
1444,14126,55893
1445,14127,84798
1446,14129,43603
1447,14130,47679
1448,14131,68869
1449,14132,60595
1450,14134,83594
1451,14135,43250
1452,14136,43882
1453,14138,47803
1454,14139,71250
1455,14141,51194
1456,14143,54758
1457,14145,56333
1458,14150,51302
1459,14167,59306
1460,14169,32407
1461,14170,68333
1462,14171,44495
1463,14172,56591
1464,14173,34598
1465,14174,66597
1466,14201,25551
1467,14202,42336
1468,14203,31892
1469,14204,26269
1470,14206,35662
1471,14207,24593
1472,14208,24036
1473,14209,31688
1474,14210,33821
1475,14211,23881
1476,14212,23438
1477,14213,28365
1478,14214,39433
1479,14215,31527
1480,14216,50781
1481,14217,50434
1482,14218,36628
1483,14219,48702
1484,14220,47088
1485,14221,77511
1486,14222,52066
1487,14223,59326
1488,14224,59875
1489,14225,47693
1490,14226,61930
1491,14227,48941
1492,14228,48343
1493,14261,-
1494,14301,21413
1495,14302,-
1496,14303,29916
1497,14304,50072
1498,14305,32211
1499,14411,41820
1500,14414,57273
1501,14415,37708
1502,14416,49583
1503,14418,59236
1504,14420,52232
1505,14422,63250
1506,14423,53116
1507,14424,53490
1508,14425,63354
1509,14427,51850
1510,14428,59292
1511,14432,52565
1512,14433,51250
1513,14435,60822
1514,14437,44244
1515,14441,50625
1516,14445,48094
1517,14450,76655
1518,14454,42323
1519,14456,45279
1520,14462,52019
1521,14464,57736
1522,14466,55987
1523,14467,74970
1524,14468,65810
1525,14469,60278
1526,14470,46856
1527,14471,62791
1528,14472,85049
1529,14475,84167
1530,14476,52386
1531,14477,54290
1532,14478,91250
1533,14480,38015
1534,14481,52212
1535,14482,52929
1536,14485,48333
1537,14486,59615
1538,14487,65652
1539,14489,46060
1540,14502,67330
1541,14504,53144
1542,14505,58566
1543,14506,102989
1544,14507,58580
1545,14510,46063
1546,14511,45769
1547,14512,52534
1548,14513,37594
1549,14514,63155
1550,14516,56316
1551,14517,40685
1552,14519,59159
1553,14521,45945
1554,14522,46774
1555,14525,65625
1556,14526,81596
1557,14527,46943
1558,14530,50513
1559,14532,53177
1560,14533,60156
1561,14534,104398
1562,14536,42438
1563,14537,67344
1564,14539,70156
1565,14541,56745
1566,14543,81689
1567,14544,56580
1568,14545,56667
1569,14546,56974
1570,14548,55170
1571,14549,31944
1572,14550,54375
1573,14551,47561
1574,14555,49750
1575,14559,74260
1576,14560,54875
1577,14561,64535
1578,14564,86336
1579,14568,74938
1580,14569,46250
1581,14571,46900
1582,14572,41784
1583,14580,71899
1584,14585,42188
1585,14586,77188
1586,14588,83583
1587,14589,50167
1588,14590,44850
1589,14591,58170
1590,14592,83702
1591,14604,14270
1592,14605,18318
1593,14606,37542
1594,14607,41954
1595,14608,20047
1596,14609,41074
1597,14610,59046
1598,14611,24924
1599,14612,61349
1600,14613,28026
1601,14615,36250
1602,14616,46143
1603,14617,60870
1604,14618,89688
1605,14619,36176
1606,14620,40483
1607,14621,24906
1608,14622,49257
1609,14623,47613
1610,14624,60443
1611,14625,72500
1612,14626,53212
1613,14627,-
1614,14701,36552
1615,14706,50938
1616,14707,57500
1617,14708,57031
1618,14709,44107
1619,14710,52946
1620,14711,42361
1621,14712,48750
1622,14714,42500
1623,14715,39444
1624,14716,34597
1625,14717,40921
1626,14718,56689
1627,14719,45893
1628,14720,39875
1629,14722,95917
1630,14723,48281
1631,14724,48036
1632,14726,34833
1633,14727,48859
1634,14728,47750
1635,14729,55469
1636,14731,61389
1637,14732,54167
1638,14733,41377
1639,14735,38059
1640,14736,42589
1641,14737,42835
1642,14738,47911
1643,14739,36541
1644,14740,51307
1645,14741,53333
1646,14742,78988
1647,14743,42222
1648,14744,50000
1649,14747,41702
1650,14748,35417
1651,14750,50881
1652,14753,33500
1653,14754,43375
1654,14755,44063
1655,14757,46504
1656,14760,39821
1657,14767,37174
1658,14769,37115
1659,14770,51319
1660,14772,39697
1661,14774,41875
1662,14775,41648
1663,14777,43177
1664,14778,-
1665,14779,32126
1666,14781,42317
1667,14782,46433
1668,14783,31111
1669,14784,34844
1670,14787,45728
1671,14788,62188
1672,14801,43185
1673,14802,25156
1674,14803,47188
1675,14804,54333
1676,14805,55655
1677,14806,50662
1678,14807,51146
1679,14808,44120
1680,14809,42217
1681,14810,40793
1682,14812,58889
1683,14813,42059
1684,14814,62338
1685,14815,45000
1686,14816,49083
1687,14817,49931
1688,14818,53281
1689,14819,36375
1690,14820,42045
1691,14821,51210
1692,14822,36250
1693,14823,49360
1694,14824,43750
1695,14825,55804
1696,14826,40170
1697,14830,53294
1698,14836,65625
1699,14837,45990
1700,14838,55057
1701,14839,52031
1702,14840,54500
1703,14841,78250
1704,14842,53278
1705,14843,40511
1706,14845,63377
1707,14846,46389
1708,14847,46406
1709,14850,48088
1710,14853,-
1711,14854,-
1712,14855,45329
1713,14858,51023
1714,14859,50781
1715,14860,53500
1716,14861,49688
1717,14864,64468
1718,14865,37821
1719,14867,44306
1720,14869,49231
1721,14870,62813
1722,14871,62212
1723,14872,51958
1724,14873,46987
1725,14874,34028
1726,14877,51094
1727,14878,69318
1728,14879,47214
1729,14880,49922
1730,14882,69097
1731,14883,51447
1732,14884,47500
1733,14885,47375
1734,14886,66450
1735,14889,49853
1736,14891,44104
1737,14892,50253
1738,14893,-
1739,14894,39750
1740,14895,41102
1741,14897,45789
1742,14898,37941
1743,14901,26766
1744,14903,49267
1745,14904,38020
1746,14905,64178
