,Zip Code,Percentage of Pop > 5 Years Who Don't Speak English at Home and Speak English < 'Very Well'
0,6390,0.0
1,10001,11.0
2,10002,37.4
3,10003,4.9
4,10004,2.6
5,10005,3.6
6,10006,3.5
7,10007,6.7
8,10009,16.8
9,10010,6.1
10,10011,7.1
11,10012,8.6
12,10013,21.4
13,10014,2.2
14,10016,7.9
15,10017,7.5
16,10018,13.6
17,10019,10.9
18,10020,-
19,10021,6.0
20,10022,1.9
21,10023,6.4
22,10024,7.7
23,10025,11.4
24,10026,11.2
25,10027,13.4
26,10028,3.4
27,10029,19.6
28,10030,11.9
29,10031,27.5
30,10032,38.8
31,10033,37.7
32,10034,38.3
33,10035,23.1
34,10036,10.2
35,10037,7.4
36,10038,18.7
37,10039,15.5
38,10040,36.6
39,10044,19.6
40,10065,4.1
41,10069,7.1
42,10075,5.3
43,10103,-
44,10110,-
45,10111,-
46,10112,-
47,10115,-
48,10119,-
49,10128,7.3
50,10152,-
51,10153,-
52,10154,-
53,10162,7.5
54,10165,-
55,10167,-
56,10168,-
57,10169,-
58,10170,-
59,10171,-
60,10172,-
61,10173,-
62,10174,-
63,10177,-
64,10199,-
65,10271,-
66,10278,-
67,10279,-
68,10280,7.0
69,10282,8.0
70,10301,10.4
71,10302,14.9
72,10303,14.1
73,10304,17.9
74,10305,20.1
75,10306,11.3
76,10307,3.6
77,10308,6.3
78,10309,7.5
79,10310,9.0
80,10311,-
81,10312,6.4
82,10314,9.5
83,10451,30.2
84,10452,34.8
85,10453,36.2
86,10454,36.0
87,10455,37.1
88,10456,30.7
89,10457,33.1
90,10458,32.5
91,10459,32.2
92,10460,23.5
93,10461,19.7
94,10462,22.2
95,10463,21.4
96,10464,3.1
97,10465,11.5
98,10466,8.2
99,10467,27.4
100,10468,35.4
101,10469,11.9
102,10470,8.8
103,10471,9.7
104,10472,32.9
105,10473,20.3
106,10474,33.0
107,10475,11.5
108,10501,1.7
109,10502,9.3
110,10503,0.0
111,10504,2.6
112,10505,1.7
113,10506,1.2
114,10507,13.6
115,10509,10.5
116,10510,4.2
117,10511,8.7
118,10512,4.9
119,10514,2.6
120,10516,2.1
121,10517,6.7
122,10518,0.0
123,10519,0.0
124,10520,7.4
125,10522,5.2
126,10523,18.7
127,10524,6.1
128,10526,1.0
129,10527,1.0
130,10528,13.2
131,10530,6.5
132,10532,2.5
133,10533,3.9
134,10535,0.0
135,10536,4.1
136,10537,9.1
137,10538,3.1
138,10541,6.2
139,10543,10.0
140,10545,0.0
141,10546,7.3
142,10547,8.2
143,10548,4.1
144,10549,19.0
145,10550,11.1
146,10552,7.2
147,10553,2.9
148,10560,4.1
149,10562,21.4
150,10566,21.5
151,10567,4.9
152,10570,3.9
153,10573,28.7
154,10576,3.6
155,10577,5.7
156,10578,5.0
157,10579,8.1
158,10580,3.8
159,10583,4.8
160,10588,8.1
161,10589,2.3
162,10590,1.4
163,10591,15.8
164,10594,6.5
165,10595,7.6
166,10596,6.9
167,10597,0.9
168,10598,4.6
169,10601,14.9
170,10603,9.7
171,10604,22.2
172,10605,10.0
173,10606,27.8
174,10607,12.8
175,10701,20.9
176,10703,18.6
177,10704,10.8
178,10705,24.7
179,10706,2.8
180,10707,6.4
181,10708,4.6
182,10709,6.6
183,10710,10.2
184,10801,20.9
185,10803,5.4
186,10804,3.7
187,10805,19.0
188,10901,7.8
189,10910,0.0
190,10911,-
191,10913,3.7
192,10914,0.0
193,10915,0.0
194,10916,3.4
195,10917,11.1
196,10918,5.0
197,10919,3.6
198,10920,11.4
199,10921,4.4
200,10922,0.0
201,10923,13.4
202,10924,2.9
203,10925,0.4
204,10926,10.1
205,10927,30.2
206,10928,4.5
207,10930,4.3
208,10931,6.6
209,10932,9.0
210,10933,0.0
211,10940,7.9
212,10941,6.4
213,10950,28.9
214,10952,27.6
215,10953,0.0
216,10954,12.9
217,10956,7.3
218,10958,2.4
219,10960,8.4
220,10962,7.7
221,10963,6.5
222,10964,7.1
223,10965,5.6
224,10968,6.5
225,10969,16.1
226,10970,15.8
227,10973,2.6
228,10974,4.2
229,10975,0.0
230,10976,3.9
231,10977,34.7
232,10979,0.0
233,10980,5.8
234,10983,10.1
235,10984,5.0
236,10985,0.0
237,10986,1.4
238,10987,4.2
239,10988,0.6
240,10989,7.1
241,10990,2.1
242,10992,2.9
243,10993,18.1
244,10994,5.2
245,10996,3.6
246,10998,2.9
247,11001,10.7
248,11003,17.7
249,11004,15.5
250,11005,4.3
251,11010,9.6
252,11020,19.4
253,11021,15.5
254,11023,17.6
255,11024,17.2
256,11030,5.3
257,11040,16.2
258,11042,8.0
259,11050,11.8
260,11096,29.9
261,11101,25.6
262,11102,25.7
263,11103,25.9
264,11104,36.7
265,11105,19.6
266,11106,25.9
267,11109,6.2
268,11201,8.1
269,11203,8.0
270,11204,42.5
271,11205,16.6
272,11206,25.4
273,11207,12.9
274,11208,16.9
275,11209,19.9
276,11210,20.1
277,11211,22.0
278,11212,8.3
279,11213,12.8
280,11214,48.3
281,11215,7.7
282,11216,6.4
283,11217,9.9
284,11218,29.3
285,11219,43.7
286,11220,56.3
287,11221,16.8
288,11222,17.5
289,11223,38.2
290,11224,35.2
291,11225,11.4
292,11226,16.0
293,11228,29.4
294,11229,29.8
295,11230,33.1
296,11231,9.7
297,11232,43.7
298,11233,6.9
299,11234,14.8
300,11235,48.3
301,11236,11.8
302,11237,38.8
303,11238,6.1
304,11239,21.0
305,11351,-
306,11354,58.2
307,11355,65.8
308,11356,42.8
309,11357,24.0
310,11358,37.6
311,11359,-
312,11360,19.1
313,11361,27.6
314,11362,27.3
315,11363,24.3
316,11364,29.9
317,11365,32.2
318,11366,27.4
319,11367,26.0
320,11368,53.6
321,11369,38.0
322,11370,34.3
323,11371,-
324,11372,45.3
325,11373,55.2
326,11374,31.6
327,11375,22.3
328,11377,42.4
329,11378,21.7
330,11379,18.8
331,11385,24.6
332,11411,6.0
333,11412,5.2
334,11413,4.1
335,11414,10.6
336,11415,19.4
337,11416,26.3
338,11417,20.9
339,11418,27.5
340,11419,14.8
341,11420,11.3
342,11421,29.6
343,11422,7.5
344,11423,14.3
345,11424,-
346,11425,-
347,11426,23.3
348,11427,21.4
349,11428,20.9
350,11429,12.0
351,11430,18.8
352,11432,34.8
353,11433,12.1
354,11434,5.2
355,11435,29.1
356,11436,7.6
357,11451,-
358,11501,16.5
359,11507,15.7
360,11509,1.5
361,11510,11.1
362,11514,14.6
363,11516,12.9
364,11518,5.5
365,11520,27.0
366,11530,3.2
367,11542,18.4
368,11545,4.3
369,11547,2.8
370,11548,4.2
371,11549,6.6
372,11550,29.2
373,11552,11.3
374,11553,28.4
375,11554,10.2
376,11556,0.0
377,11557,5.9
378,11558,10.2
379,11559,6.4
380,11560,7.5
381,11561,8.9
382,11563,5.8
383,11565,3.7
384,11566,4.5
385,11568,9.6
386,11569,1.8
387,11570,7.3
388,11572,6.3
389,11575,21.3
390,11576,9.3
391,11577,11.8
392,11579,4.0
393,11580,15.7
394,11581,12.8
395,11590,23.4
396,11596,8.0
397,11598,3.7
398,11691,17.2
399,11692,13.8
400,11693,12.7
401,11694,6.8
402,11697,0.2
403,11701,17.0
404,11702,4.7
405,11703,8.1
406,11704,11.2
407,11705,0.8
408,11706,17.0
409,11709,2.5
410,11710,4.5
411,11713,5.1
412,11714,4.0
413,11715,1.6
414,11716,3.3
415,11717,37.8
416,11718,1.0
417,11719,1.2
418,11720,6.4
419,11721,1.1
420,11722,27.5
421,11724,3.4
422,11725,4.0
423,11726,35.3
424,11727,9.7
425,11729,8.1
426,11730,1.3
427,11731,3.9
428,11732,3.2
429,11733,6.1
430,11735,7.5
431,11738,7.8
432,11739,1.0
433,11740,3.9
434,11741,3.0
435,11742,4.1
436,11743,5.0
437,11746,14.7
438,11747,4.3
439,11749,13.4
440,11751,3.3
441,11752,3.0
442,11753,10.3
443,11754,3.3
444,11755,6.1
445,11756,6.4
446,11757,12.0
447,11758,5.2
448,11762,1.5
449,11763,7.9
450,11764,3.9
451,11765,4.9
452,11766,4.1
453,11767,5.1
454,11768,2.0
455,11769,2.3
456,11770,5.8
457,11771,3.7
458,11772,9.3
459,11776,8.0
460,11777,4.5
461,11778,4.3
462,11779,5.4
463,11780,2.0
464,11782,1.8
465,11783,1.8
466,11784,7.8
467,11786,2.5
468,11787,3.0
469,11788,4.1
470,11789,2.5
471,11790,7.6
472,11791,9.2
473,11792,1.6
474,11793,2.6
475,11794,17.7
476,11795,2.9
477,11796,2.2
478,11797,5.5
479,11798,16.1
480,11801,14.3
481,11803,7.2
482,11804,2.7
483,11901,15.3
484,11930,3.8
485,11931,0.0
486,11932,1.1
487,11933,5.6
488,11934,3.9
489,11935,4.7
490,11937,8.4
491,11939,4.2
492,11940,0.9
493,11941,4.6
494,11942,2.8
495,11944,10.9
496,11946,14.2
497,11947,0.0
498,11948,3.8
499,11949,1.4
500,11950,8.5
501,11951,3.5
502,11952,2.9
503,11953,3.9
504,11954,5.2
505,11955,4.3
506,11956,12.6
507,11957,1.7
508,11958,7.0
509,11959,0.5
510,11960,3.0
511,11961,2.7
512,11962,0.0
513,11963,9.7
514,11964,0.9
515,11965,0.0
516,11967,8.1
517,11968,8.6
518,11970,0.0
519,11971,1.1
520,11972,2.0
521,11973,30.4
522,11975,2.1
523,11976,8.4
524,11977,7.7
525,11978,6.5
526,11980,5.1
527,12007,0.0
528,12008,3.2
529,12009,1.0
530,12010,5.1
531,12015,4.9
532,12017,0.0
533,12018,1.1
534,12019,0.6
535,12020,1.3
536,12022,0.0
537,12023,1.5
538,12024,0.0
539,12025,0.7
540,12027,0.2
541,12028,5.0
542,12029,1.2
543,12031,0.0
544,12032,0.0
545,12033,0.6
546,12035,0.0
547,12036,2.6
548,12037,0.4
549,12040,0.0
550,12041,0.0
551,12042,0.0
552,12043,1.0
553,12045,0.0
554,12046,0.0
555,12047,2.0
556,12051,5.3
557,12052,0.2
558,12053,1.0
559,12054,1.6
560,12056,0.1
561,12057,0.0
562,12058,1.4
563,12059,0.0
564,12060,0.3
565,12061,1.8
566,12062,2.6
567,12063,2.7
568,12064,0.0
569,12065,3.4
570,12066,0.5
571,12067,0.0
572,12068,3.4
573,12069,0.0
574,12070,0.0
575,12071,0.0
576,12072,2.7
577,12074,0.6
578,12075,4.0
579,12076,1.0
580,12077,2.2
581,12078,1.5
582,12083,0.8
583,12084,6.1
584,12085,7.7
585,12086,2.0
586,12087,0.0
587,12089,0.0
588,12090,1.5
589,12092,0.0
590,12093,0.8
591,12094,0.3
592,12095,1.5
593,12106,0.0
594,12108,0.8
595,12110,5.9
596,12115,0.0
597,12116,0.5
598,12117,0.1
599,12118,1.1
600,12120,0.5
601,12121,1.5
602,12122,0.6
603,12123,0.6
604,12124,0.0
605,12125,4.3
606,12130,0.0
607,12131,2.9
608,12132,15.4
609,12134,0.3
610,12136,2.4
611,12137,3.7
612,12138,0.6
613,12139,3.9
614,12140,1.4
615,12143,1.2
616,12144,2.0
617,12147,2.7
618,12148,3.7
619,12149,0.7
620,12150,2.3
621,12151,0.7
622,12153,1.7
623,12154,0.4
624,12155,0.1
625,12156,0.0
626,12157,0.6
627,12158,2.0
628,12159,2.7
629,12160,0.0
630,12161,25.4
631,12164,5.2
632,12165,1.5
633,12166,3.6
634,12167,1.6
635,12168,0.4
636,12169,5.0
637,12170,0.8
638,12172,0.0
639,12173,2.6
640,12174,1.4
641,12175,1.3
642,12176,1.8
643,12177,0.0
644,12180,4.0
645,12182,2.4
646,12183,4.8
647,12184,4.4
648,12185,0.9
649,12186,0.9
650,12187,0.0
651,12188,2.3
652,12189,4.2
653,12190,0.0
654,12192,0.9
655,12193,0.0
656,12194,0.0
657,12195,0.0
658,12196,2.0
659,12197,1.3
660,12198,3.7
661,12202,3.8
662,12203,4.5
663,12204,2.7
664,12205,4.0
665,12206,7.5
666,12207,5.2
667,12208,4.3
668,12209,11.0
669,12210,3.6
670,12211,3.1
671,12222,4.8
672,12302,1.4
673,12303,3.4
674,12304,5.3
675,12305,3.9
676,12306,2.5
677,12307,4.8
678,12308,6.8
679,12309,4.8
680,12401,5.0
681,12404,0.3
682,12405,0.0
683,12406,1.1
684,12407,0.0
685,12409,1.2
686,12410,0.0
687,12411,0.0
688,12412,3.9
689,12413,3.3
690,12414,1.4
691,12416,0.0
692,12417,0.0
693,12418,0.0
694,12419,0.0
695,12420,0.0
696,12421,0.0
697,12422,0.0
698,12423,1.4
699,12424,1.9
700,12427,0.0
701,12428,5.7
702,12429,0.0
703,12430,6.9
704,12431,0.0
705,12432,1.2
706,12433,1.6
707,12434,0.0
708,12435,15.8
709,12436,2.3
710,12438,0.0
711,12439,11.0
712,12440,2.2
713,12441,0.0
714,12442,2.9
715,12443,1.4
716,12444,5.4
717,12446,2.6
718,12448,5.3
719,12449,4.4
720,12450,0.0
721,12451,1.0
722,12452,1.8
723,12453,0.0
724,12454,0.0
725,12455,4.1
726,12456,2.1
727,12457,2.9
728,12458,5.8
729,12459,0.0
730,12460,0.0
731,12461,2.3
732,12463,1.7
733,12464,0.0
734,12465,8.6
735,12466,1.9
736,12468,4.2
737,12469,4.6
738,12470,22.1
739,12471,0.0
740,12472,1.3
741,12473,0.0
742,12474,2.8
743,12475,0.0
744,12477,2.0
745,12480,9.5
746,12481,3.5
747,12482,0.0
748,12483,1.9
749,12484,0.9
750,12485,11.2
751,12486,0.0
752,12487,3.5
753,12489,3.3
754,12490,-
755,12491,1.4
756,12492,0.0
757,12493,0.0
758,12494,0.0
759,12495,3.6
760,12496,0.9
761,12498,1.3
762,12501,4.4
763,12502,1.7
764,12503,6.8
765,12504,3.2
766,12507,1.2
767,12508,6.4
768,12512,0.0
769,12513,0.0
770,12514,4.5
771,12515,2.6
772,12516,2.9
773,12517,0.0
774,12518,2.9
775,12520,1.9
776,12521,0.5
777,12522,2.5
778,12523,1.3
779,12524,5.7
780,12525,0.0
781,12526,1.4
782,12527,0.0
783,12528,2.2
784,12529,1.3
785,12530,0.0
786,12531,1.7
787,12533,4.5
788,12534,2.5
789,12538,3.4
790,12540,3.4
791,12542,2.6
792,12543,7.3
793,12545,4.0
794,12546,7.5
795,12547,2.0
796,12548,0.8
797,12549,1.8
798,12550,12.6
799,12553,6.1
800,12561,3.8
801,12563,5.1
802,12564,6.5
803,12565,0.0
804,12566,1.1
805,12567,1.6
806,12569,3.2
807,12570,2.1
808,12571,3.5
809,12572,2.0
810,12574,0.0
811,12575,0.0
812,12577,1.8
813,12578,3.8
814,12580,1.5
815,12581,3.0
816,12582,6.3
817,12583,3.9
818,12585,0.0
819,12586,2.5
820,12589,4.1
821,12590,7.0
822,12592,2.0
823,12594,6.8
824,12601,8.5
825,12603,5.0
826,12604,2.2
827,12701,7.4
828,12719,2.5
829,12720,10.2
830,12721,0.8
831,12722,0.0
832,12723,4.4
833,12724,0.0
834,12725,2.4
835,12726,1.3
836,12729,1.0
837,12732,2.4
838,12733,4.6
839,12734,6.7
840,12736,5.1
841,12737,5.4
842,12738,1.5
843,12740,0.8
844,12741,0.0
845,12742,0.0
846,12743,4.5
847,12745,0.0
848,12746,1.4
849,12747,1.8
850,12748,2.0
851,12749,0.0
852,12750,0.0
853,12751,16.5
854,12752,0.0
855,12754,7.9
856,12758,2.2
857,12759,16.1
858,12760,0.7
859,12762,3.0
860,12763,6.0
861,12764,1.3
862,12765,3.4
863,12766,0.0
864,12767,0.0
865,12768,1.7
866,12769,0.0
867,12770,5.1
868,12771,3.4
869,12775,4.9
870,12776,1.8
871,12777,3.6
872,12778,0.0
873,12779,25.6
874,12780,2.1
875,12781,0.0
876,12783,6.1
877,12784,0.0
878,12785,0.0
879,12786,14.0
880,12787,0.0
881,12788,7.9
882,12789,10.8
883,12790,2.6
884,12791,0.0
885,12792,7.4
886,12801,1.5
887,12803,0.8
888,12804,1.4
889,12808,0.0
890,12809,0.0
891,12810,0.9
892,12811,0.0
893,12812,0.0
894,12814,2.4
895,12815,2.2
896,12816,0.2
897,12817,0.4
898,12819,5.1
899,12821,5.5
900,12822,0.5
901,12823,0.0
902,12824,0.6
903,12827,0.0
904,12828,0.1
905,12831,1.0
906,12832,1.3
907,12833,0.8
908,12834,0.8
909,12835,0.4
910,12836,3.5
911,12837,0.5
912,12838,0.0
913,12839,1.1
914,12841,0.0
915,12842,0.0
916,12843,0.0
917,12844,2.3
918,12845,1.5
919,12846,0.3
920,12847,6.1
921,12849,0.0
922,12850,0.4
923,12851,2.1
924,12852,2.0
925,12853,0.8
926,12855,0.0
927,12856,0.0
928,12857,3.9
929,12858,0.0
930,12859,0.0
931,12860,1.4
932,12861,0.7
933,12862,0.0
934,12863,0.0
935,12864,0.0
936,12865,1.6
937,12866,2.2
938,12870,5.2
939,12871,0.8
940,12872,7.3
941,12873,1.8
942,12874,2.1
943,12878,1.0
944,12883,0.6
945,12884,0.0
946,12885,2.0
947,12886,0.0
948,12887,0.5
949,12901,1.7
950,12903,1.5
951,12910,0.7
952,12911,0.0
953,12912,0.7
954,12913,1.2
955,12914,1.1
956,12916,3.5
957,12917,4.3
958,12918,0.6
959,12919,0.8
960,12920,1.9
961,12921,0.4
962,12922,0.0
963,12923,1.0
964,12924,0.0
965,12926,1.4
966,12927,0.4
967,12928,2.0
968,12929,6.7
969,12930,2.1
970,12932,0.0
971,12933,0.0
972,12934,1.1
973,12935,4.1
974,12936,0.4
975,12937,2.1
976,12939,0.0
977,12941,0.4
978,12942,1.2
979,12943,0.0
980,12944,2.7
981,12945,0.0
982,12946,3.1
983,12950,1.9
984,12952,0.6
985,12953,3.5
986,12955,1.4
987,12956,0.0
988,12957,1.6
989,12958,0.0
990,12959,0.0
991,12960,0.3
992,12961,0.0
993,12962,2.4
994,12964,0.0
995,12965,0.4
996,12966,0.2
997,12967,1.7
998,12969,0.0
999,12970,2.3
1000,12972,0.3
1001,12973,0.0
1002,12974,1.0
1003,12975,1.7
1004,12976,0.0
1005,12977,15.3
1006,12978,0.0
1007,12979,1.0
1008,12980,0.9
1009,12981,0.4
1010,12983,1.4
1011,12985,0.0
1012,12986,0.3
1013,12987,0.0
1014,12989,1.0
1015,12992,0.7
1016,12993,6.0
1017,12996,2.0
1018,12997,1.6
1019,12998,0.0
1020,13020,2.3
1021,13021,1.2
1022,13024,16.1
1023,13026,4.2
1024,13027,1.1
1025,13028,1.7
1026,13029,1.1
1027,13030,0.4
1028,13031,2.2
1029,13032,0.7
1030,13033,1.2
1031,13034,0.3
1032,13035,0.7
1033,13036,0.7
1034,13037,0.4
1035,13039,1.5
1036,13040,0.0
1037,13041,2.6
1038,13042,0.3
1039,13044,0.0
1040,13045,1.6
1041,13051,0.0
1042,13052,0.4
1043,13053,1.9
1044,13054,0.9
1045,13057,4.0
1046,13060,0.6
1047,13061,0.0
1048,13062,0.0
1049,13063,2.0
1050,13064,15.0
1051,13066,2.0
1052,13068,0.3
1053,13069,1.1
1054,13071,0.0
1055,13072,2.8
1056,13073,0.6
1057,13074,0.3
1058,13076,0.5
1059,13077,1.6
1060,13078,3.2
1061,13080,0.2
1062,13081,1.1
1063,13082,1.1
1064,13083,0.3
1065,13084,0.2
1066,13087,0.0
1067,13088,4.4
1068,13090,2.1
1069,13092,2.0
1070,13101,0.6
1071,13102,0.0
1072,13103,0.0
1073,13104,3.3
1074,13108,0.0
1075,13110,1.0
1076,13111,0.1
1077,13112,0.0
1078,13113,0.0
1079,13114,3.4
1080,13115,0.0
1081,13116,0.0
1082,13117,0.0
1083,13118,0.6
1084,13120,7.6
1085,13122,0.0
1086,13123,0.0
1087,13124,0.0
1088,13126,1.5
1089,13131,0.4
1090,13132,3.1
1091,13134,0.0
1092,13135,0.8
1093,13136,0.4
1094,13138,-
1095,13140,0.5
1096,13141,1.6
1097,13142,2.3
1098,13143,1.2
1099,13144,1.5
1100,13145,0.0
1101,13146,0.8
1102,13147,4.1
1103,13148,1.4
1104,13152,0.7
1105,13153,0.0
1106,13155,0.7
1107,13156,0.3
1108,13157,0.0
1109,13158,0.0
1110,13159,0.5
1111,13160,2.4
1112,13162,0.0
1113,13163,0.0
1114,13164,4.4
1115,13165,0.6
1116,13166,0.6
1117,13167,0.4
1118,13202,8.3
1119,13203,9.6
1120,13204,8.9
1121,13205,3.7
1122,13206,4.1
1123,13207,2.2
1124,13208,14.7
1125,13209,4.3
1126,13210,6.2
1127,13211,2.1
1128,13212,1.2
1129,13214,7.9
1130,13215,2.0
1131,13219,2.1
1132,13224,3.7
1133,13290,-
1134,13301,0.0
1135,13302,0.1
1136,13303,0.0
1137,13304,0.0
1138,13305,0.0
1139,13308,0.6
1140,13309,1.0
1141,13310,0.0
1142,13312,0.0
1143,13313,3.7
1144,13314,1.1
1145,13315,1.6
1146,13316,0.5
1147,13317,0.0
1148,13318,0.6
1149,13319,1.5
1150,13320,1.7
1151,13321,0.0
1152,13322,0.0
1153,13323,1.7
1154,13324,0.8
1155,13325,0.0
1156,13326,1.8
1157,13327,0.1
1158,13328,0.0
1159,13329,3.2
1160,13331,0.0
1161,13332,0.6
1162,13333,0.0
1163,13334,0.0
1164,13335,0.0
1165,13337,1.9
1166,13338,0.0
1167,13339,5.8
1168,13340,2.0
1169,13341,0.0
1170,13342,0.0
1171,13343,0.2
1172,13345,0.0
1173,13346,1.6
1174,13348,0.4
1175,13350,2.9
1176,13352,0.0
1177,13353,0.0
1178,13354,2.8
1179,13355,1.6
1180,13357,1.0
1181,13360,0.0
1182,13361,4.6
1183,13362,0.0
1184,13363,0.4
1185,13364,0.0
1186,13365,1.4
1187,13367,2.1
1188,13368,0.0
1189,13402,0.5
1190,13403,4.2
1191,13404,1.7
1192,13406,0.0
1193,13407,0.9
1194,13408,1.7
1195,13409,0.1
1196,13410,0.0
1197,13411,0.8
1198,13413,2.1
1199,13415,0.0
1200,13416,0.7
1201,13417,1.3
1202,13418,0.0
1203,13420,2.0
1204,13421,1.1
1205,13424,1.3
1206,13425,2.7
1207,13428,0.5
1208,13431,4.7
1209,13433,0.5
1210,13435,0.0
1211,13436,1.1
1212,13437,0.0
1213,13438,1.3
1214,13439,1.0
1215,13440,1.6
1216,13441,0.0
1217,13450,0.0
1218,13452,0.3
1219,13454,1.3
1220,13456,0.6
1221,13459,2.7
1222,13460,1.3
1223,13461,1.2
1224,13464,0.0
1225,13468,3.3
1226,13469,0.0
1227,13470,0.0
1228,13471,2.1
1229,13472,0.0
1230,13473,0.8
1231,13475,0.0
1232,13476,1.8
1233,13477,0.0
1234,13478,2.6
1235,13480,0.2
1236,13483,0.0
1237,13484,0.0
1238,13485,0.8
1239,13486,0.0
1240,13488,1.8
1241,13489,3.7
1242,13490,2.0
1243,13491,1.6
1244,13492,1.1
1245,13493,0.6
1246,13494,1.2
1247,13495,4.9
1248,13501,19.5
1249,13502,7.0
1250,13601,1.5
1251,13602,0.7
1252,13603,6.1
1253,13605,0.8
1254,13606,1.5
1255,13607,0.5
1256,13608,1.0
1257,13612,1.5
1258,13613,4.6
1259,13614,8.4
1260,13615,0.0
1261,13616,3.7
1262,13617,2.9
1263,13618,0.3
1264,13619,0.5
1265,13620,0.3
1266,13621,0.0
1267,13622,0.6
1268,13623,0.0
1269,13624,1.9
1270,13625,0.0
1271,13626,0.4
1272,13628,1.2
1273,13630,4.4
1274,13633,0.0
1275,13634,0.3
1276,13635,3.4
1277,13636,1.1
1278,13637,1.2
1279,13638,2.7
1280,13639,1.0
1281,13640,0.0
1282,13641,0.0
1283,13642,2.2
1284,13643,-
1285,13646,1.2
1286,13647,0.0
1287,13648,0.3
1288,13650,0.4
1289,13651,0.0
1290,13652,1.1
1291,13654,4.7
1292,13655,4.6
1293,13656,0.4
1294,13658,0.0
1295,13659,0.6
1296,13660,2.8
1297,13661,1.1
1298,13662,2.0
1299,13664,0.5
1300,13665,0.0
1301,13666,0.7
1302,13667,1.3
1303,13668,0.5
1304,13669,3.5
1305,13670,0.4
1306,13672,0.8
1307,13673,0.7
1308,13674,0.0
1309,13675,0.0
1310,13676,3.0
1311,13677,0.0
1312,13678,0.0
1313,13679,1.4
1314,13680,4.0
1315,13681,1.0
1316,13682,0.0
1317,13684,1.1
1318,13685,1.3
1319,13687,2.3
1320,13690,0.4
1321,13691,1.1
1322,13692,0.0
1323,13693,0.0
1324,13694,0.3
1325,13695,0.0
1326,13696,0.0
1327,13697,1.0
1328,13730,1.0
1329,13731,0.6
1330,13732,1.1
1331,13733,1.4
1332,13734,0.0
1333,13736,0.2
1334,13739,0.8
1335,13740,1.3
1336,13743,0.8
1337,13744,0.1
1338,13746,1.5
1339,13748,0.3
1340,13750,0.0
1341,13751,0.0
1342,13752,5.1
1343,13753,1.8
1344,13754,2.3
1345,13755,0.8
1346,13756,2.7
1347,13757,0.3
1348,13760,2.9
1349,13774,0.0
1350,13775,0.8
1351,13776,2.8
1352,13777,0.0
1353,13778,0.7
1354,13780,1.8
1355,13782,0.0
1356,13783,2.1
1357,13784,0.0
1358,13786,0.0
1359,13787,1.6
1360,13788,0.5
1361,13790,3.7
1362,13794,0.0
1363,13795,1.9
1364,13796,0.9
1365,13797,0.3
1366,13801,0.3
1367,13802,0.0
1368,13803,1.4
1369,13804,0.6
1370,13806,0.0
1371,13807,0.9
1372,13808,0.4
1373,13809,0.4
1374,13810,0.4
1375,13811,0.3
1376,13812,0.7
1377,13813,0.8
1378,13815,2.3
1379,13820,1.6
1380,13825,1.0
1381,13826,0.0
1382,13827,1.4
1383,13830,0.2
1384,13832,0.0
1385,13833,0.4
1386,13834,0.0
1387,13835,0.2
1388,13838,0.9
1389,13839,3.0
1390,13841,0.3
1391,13842,0.5
1392,13843,0.8
1393,13844,0.9
1394,13845,0.0
1395,13846,0.0
1396,13847,0.0
1397,13849,0.6
1398,13850,3.9
1399,13856,0.4
1400,13859,0.0
1401,13860,0.0
1402,13861,0.0
1403,13862,1.2
1404,13863,0.3
1405,13864,0.0
1406,13865,0.8
1407,13901,2.6
1408,13902,6.2
1409,13903,3.8
1410,13904,3.4
1411,13905,3.7
1412,14001,0.6
1413,14004,0.4
1414,14005,0.3
1415,14006,0.3
1416,14008,0.8
1417,14009,0.6
1418,14011,3.3
1419,14012,3.0
1420,14013,1.8
1421,14020,1.3
1422,14024,0.1
1423,14025,0.0
1424,14026,0.0
1425,14028,0.3
1426,14030,0.2
1427,14031,2.9
1428,14032,0.9
1429,14033,0.0
1430,14034,3.7
1431,14035,0.0
1432,14036,0.1
1433,14037,0.0
1434,14039,0.0
1435,14040,0.9
1436,14041,0.0
1437,14042,0.7
1438,14043,1.5
1439,14047,0.2
1440,14048,7.2
1441,14051,3.4
1442,14052,0.9
1443,14054,0.9
1444,14055,0.0
1445,14057,1.0
1446,14058,9.5
1447,14059,0.7
1448,14060,0.0
1449,14061,0.3
1450,14062,2.0
1451,14063,2.4
1452,14065,2.1
1453,14066,1.1
1454,14067,0.7
1455,14068,5.5
1456,14069,0.0
1457,14070,3.0
1458,14072,1.7
1459,14075,0.8
1460,14080,0.5
1461,14081,0.3
1462,14082,0.0
1463,14085,0.5
1464,14086,1.2
1465,14091,0.0
1466,14092,2.2
1467,14094,1.1
1468,14098,3.5
1469,14101,1.2
1470,14102,0.0
1471,14103,1.7
1472,14105,0.7
1473,14108,0.0
1474,14109,0.5
1475,14111,1.4
1476,14112,-
1477,14113,1.8
1478,14120,1.5
1479,14125,1.2
1480,14126,0.0
1481,14127,1.1
1482,14129,5.5
1483,14130,0.0
1484,14131,0.4
1485,14132,0.2
1486,14134,0.0
1487,14135,0.0
1488,14136,1.7
1489,14138,5.7
1490,14139,0.0
1491,14141,1.4
1492,14143,0.9
1493,14145,0.3
1494,14150,2.3
1495,14167,1.6
1496,14168,0.0
1497,14169,0.0
1498,14170,0.0
1499,14171,0.7
1500,14172,0.1
1501,14173,0.0
1502,14174,1.5
1503,14201,17.1
1504,14202,10.3
1505,14203,1.6
1506,14204,5.7
1507,14206,2.2
1508,14207,15.3
1509,14208,2.7
1510,14209,4.7
1511,14210,2.5
1512,14211,4.6
1513,14212,11.9
1514,14213,22.8
1515,14214,3.5
1516,14215,0.9
1517,14216,2.8
1518,14217,1.0
1519,14218,7.5
1520,14219,2.3
1521,14220,2.4
1522,14221,3.7
1523,14222,2.7
1524,14223,1.7
1525,14224,1.1
1526,14225,1.9
1527,14226,3.3
1528,14227,2.8
1529,14228,5.5
1530,14261,4.2
1531,14301,3.5
1532,14302,0.0
1533,14303,3.0
1534,14304,1.4
1535,14305,1.0
1536,14411,2.1
1537,14414,1.0
1538,14415,4.3
1539,14416,0.8
1540,14418,1.0
1541,14420,3.2
1542,14422,0.0
1543,14423,0.5
1544,14424,1.4
1545,14425,2.4
1546,14427,0.8
1547,14428,1.4
1548,14432,1.4
1549,14433,3.1
1550,14435,0.8
1551,14437,1.8
1552,14441,13.5
1553,14445,3.0
1554,14450,1.9
1555,14454,2.5
1556,14456,5.1
1557,14462,0.6
1558,14464,0.3
1559,14466,2.2
1560,14467,4.3
1561,14468,0.8
1562,14469,0.5
1563,14470,0.2
1564,14471,0.0
1565,14472,1.0
1566,14475,0.0
1567,14476,0.3
1568,14477,0.6
1569,14478,3.6
1570,14479,0.0
1571,14480,5.5
1572,14481,6.9
1573,14482,0.3
1574,14485,1.2
1575,14486,0.0
1576,14487,0.7
1577,14489,0.7
1578,14502,1.0
1579,14504,1.3
1580,14505,0.4
1581,14506,0.0
1582,14507,0.8
1583,14510,2.2
1584,14511,0.0
1585,14512,0.5
1586,14513,1.7
1587,14514,3.3
1588,14516,4.2
1589,14517,0.1
1590,14519,2.1
1591,14521,1.4
1592,14522,0.8
1593,14525,0.1
1594,14526,2.5
1595,14527,6.3
1596,14529,0.0
1597,14530,0.6
1598,14532,0.0
1599,14533,0.4
1600,14534,2.6
1601,14536,0.0
1602,14537,0.0
1603,14539,0.0
1604,14541,2.9
1605,14542,0.0
1606,14543,2.3
1607,14544,3.7
1608,14545,0.0
1609,14546,0.6
1610,14548,0.7
1611,14549,0.0
1612,14550,0.1
1613,14551,1.5
1614,14555,0.8
1615,14559,1.3
1616,14560,1.0
1617,14561,5.3
1618,14564,2.9
1619,14568,0.4
1620,14569,1.0
1621,14571,2.9
1622,14572,0.2
1623,14580,3.4
1624,14585,0.0
1625,14586,6.9
1626,14588,1.2
1627,14589,2.5
1628,14590,1.4
1629,14591,0.0
1630,14592,0.0
1631,14604,6.1
1632,14605,15.4
1633,14606,7.4
1634,14607,2.8
1635,14608,11.6
1636,14609,6.6
1637,14610,5.2
1638,14611,3.5
1639,14612,2.3
1640,14613,11.4
1641,14614,9.5
1642,14615,6.5
1643,14616,2.8
1644,14617,3.6
1645,14618,3.9
1646,14619,2.4
1647,14620,7.1
1648,14621,17.5
1649,14622,4.1
1650,14623,8.2
1651,14624,3.7
1652,14625,1.5
1653,14626,4.6
1654,14627,8.0
1655,14701,2.8
1656,14706,1.2
1657,14707,0.0
1658,14708,0.0
1659,14709,2.7
1660,14710,0.6
1661,14711,1.4
1662,14712,0.0
1663,14714,4.9
1664,14715,0.2
1665,14716,7.1
1666,14717,0.0
1667,14718,1.7
1668,14719,2.7
1669,14720,0.5
1670,14721,0.0
1671,14722,4.3
1672,14723,1.4
1673,14724,3.2
1674,14726,16.7
1675,14727,2.7
1676,14728,4.7
1677,14729,1.1
1678,14731,0.6
1679,14732,6.0
1680,14733,1.2
1681,14735,2.9
1682,14736,0.0
1683,14737,1.1
1684,14738,0.0
1685,14739,3.8
1686,14740,1.8
1687,14741,1.0
1688,14742,0.0
1689,14743,0.2
1690,14744,3.8
1691,14747,1.2
1692,14748,1.7
1693,14750,0.4
1694,14752,0.0
1695,14753,0.0
1696,14754,1.6
1697,14755,1.4
1698,14756,0.0
1699,14757,3.2
1700,14760,1.3
1701,14767,12.4
1702,14769,2.5
1703,14770,0.0
1704,14772,3.0
1705,14774,2.6
1706,14775,1.0
1707,14777,0.0
1708,14778,1.8
1709,14779,2.1
1710,14781,4.6
1711,14782,0.2
1712,14783,0.0
1713,14784,0.0
1714,14787,0.4
1715,14788,0.0
1716,14801,2.1
1717,14802,1.8
1718,14803,0.9
1719,14804,0.1
1720,14805,0.2
1721,14806,0.0
1722,14807,0.8
1723,14808,0.6
1724,14809,1.6
1725,14810,1.0
1726,14812,0.8
1727,14813,0.7
1728,14814,4.0
1729,14815,0.0
1730,14816,0.0
1731,14817,0.6
1732,14818,0.0
1733,14819,0.3
1734,14820,0.0
1735,14821,0.2
1736,14822,0.5
1737,14823,0.1
1738,14824,0.0
1739,14825,0.0
1740,14826,0.0
1741,14827,0.0
1742,14830,1.2
1743,14836,0.0
1744,14837,4.1
1745,14838,0.0
1746,14839,1.1
1747,14840,0.6
1748,14841,0.0
1749,14842,8.4
1750,14843,0.9
1751,14845,1.6
1752,14846,0.0
1753,14847,1.2
1754,14850,4.7
1755,14853,2.0
1756,14854,0.0
1757,14855,16.6
1758,14856,0.0
1759,14858,0.5
1760,14859,0.0
1761,14860,0.3
1762,14861,0.0
1763,14864,0.2
1764,14865,0.9
1765,14867,1.7
1766,14869,0.0
1767,14870,2.4
1768,14871,0.2
1769,14872,0.0
1770,14873,3.2
1771,14874,0.0
1772,14877,1.9
1773,14878,0.5
1774,14879,0.7
1775,14880,0.2
1776,14881,0.0
1777,14882,0.6
1778,14883,2.1
1779,14884,0.0
1780,14885,0.5
1781,14886,0.5
1782,14889,0.0
1783,14891,1.0
1784,14892,1.1
1785,14893,0.0
1786,14894,0.4
1787,14895,1.1
1788,14897,0.0
1789,14898,8.7
1790,14901,0.9
1791,14903,1.0
1792,14904,0.4
1793,14905,0.1
