,Zip Code,Unemployment Rate for Pop > 16 Years (%),Percentage of Pop > 5 Years Who Don't Speak English at Home and Speak English < 'Very Well',2015 Median Household Income
0,6390,9.8,0.0,151083
1,10001,8.4,11.0,86801
2,10002,8.9,37.4,33726
3,10003,6.1,4.9,98151
4,10004,6.1,2.6,119691
5,10005,3.7,3.6,124194
6,10006,2.7,3.5,123691
7,10007,1.5,6.7,"250,000+"
8,10009,5.6,16.8,59090
9,10010,5.8,6.1,101718
10,10011,4.9,7.1,109818
11,10012,5.4,8.6,100859
12,10013,4.5,21.4,96667
13,10014,5.3,2.2,113973
14,10016,5.0,7.9,104826
15,10017,3.3,7.5,106421
16,10018,4.4,13.6,105500
17,10019,5.7,10.9,94022
18,10020,-,-,-
19,10021,3.0,6.0,115076
20,10022,4.5,1.9,126378
21,10023,4.9,6.4,111478
22,10024,3.8,7.7,113839
23,10025,8.0,11.4,74065
24,10026,8.7,11.2,47264
25,10027,6.6,13.4,40782
26,10028,4.2,3.4,114939
27,10029,12.1,19.6,31350
28,10030,16.6,11.9,33196
29,10031,10.7,27.5,39774
30,10032,13.0,38.8,37280
31,10033,13.8,37.7,44933
32,10034,15.7,38.3,42581
33,10035,10.4,23.1,27424
34,10036,6.5,10.2,75966
35,10037,12.4,7.4,35491
36,10038,6.1,18.7,76379
37,10039,19.7,15.5,33558
38,10040,11.3,36.6,46200
39,10044,5.4,19.6,91383
40,10065,3.7,4.1,112869
41,10069,3.8,7.1,163750
42,10075,4.1,5.3,111691
43,10103,-,-,-
44,10110,-,-,-
45,10111,-,-,-
46,10112,-,-,-
47,10115,-,-,-
48,10119,-,-,-
49,10128,4.5,7.3,100200
50,10152,-,-,-
51,10153,-,-,-
52,10154,-,-,-
53,10162,5.4,7.5,193510
54,10165,-,-,-
55,10167,-,-,-
56,10168,-,-,-
57,10169,-,-,-
58,10170,-,-,-
59,10171,-,-,-
60,10172,-,-,-
61,10173,-,-,-
62,10174,-,-,-
63,10177,-,-,-
64,10199,-,-,-
65,10271,-,-,-
66,10278,-,-,-
67,10279,-,-,-
68,10280,4.7,7.0,145432
69,10282,0.5,8.0,"250,000+"
70,10301,8.5,10.4,54605
71,10302,6.8,14.9,54170
72,10303,7.7,14.1,52553
73,10304,7.2,17.9,54106
74,10305,7.1,20.1,72782
75,10306,6.1,11.3,79686
76,10307,7.1,3.6,76857
77,10308,8.4,6.3,87174
78,10309,5.1,7.5,87509
79,10310,10.3,9.0,68080
80,10311,-,-,-
81,10312,6.5,6.4,84584
82,10314,5.5,9.5,77331
83,10451,14.9,30.2,26048
84,10452,14.3,34.8,24790
85,10453,14.0,36.2,23095
86,10454,14.8,36.0,20210
87,10455,13.9,37.1,23253
88,10456,16.4,30.7,23956
89,10457,16.5,33.1,24750
90,10458,16.0,32.5,27912
91,10459,10.7,32.2,23761
92,10460,22.7,23.5,23209
93,10461,11.1,19.7,51568
94,10462,13.5,22.2,45760
95,10463,10.2,21.4,56482
96,10464,6.8,3.1,75208
97,10465,8.8,11.5,73776
98,10466,12.0,8.2,42478
99,10467,16.1,27.4,35117
100,10468,14.9,35.4,34784
101,10469,14.8,11.9,57207
102,10470,11.6,8.8,57706
103,10471,9.8,9.7,80222
104,10472,12.9,32.9,29308
105,10473,12.4,20.3,36764
106,10474,13.9,33.0,26585
107,10475,11.3,11.5,44923
108,10501,6.4,1.7,141563
109,10502,5.2,9.3,157132
110,10503,17.4,0.0,
111,10504,6.0,2.6,205912
112,10505,2.2,1.7,143750
113,10506,5.0,1.2,206207
114,10507,11.2,13.6,64351
115,10509,7.3,10.5,94226
116,10510,4.1,4.2,146723
117,10511,6.6,8.7,98370
118,10512,5.8,4.9,90095
119,10514,2.5,2.6,212528
120,10516,3.0,2.1,92381
121,10517,15.8,6.7,89250
122,10518,16.9,0.0,187898
123,10519,0.0,0.0,
124,10520,6.6,7.4,101932
125,10522,6.4,5.2,116671
126,10523,7.1,18.7,87353
127,10524,7.5,6.1,119583
128,10526,4.8,1.0,122250
129,10527,9.6,1.0,152212
130,10528,5.6,13.2,105570
131,10530,6.5,6.5,102317
132,10532,4.4,2.5,105739
133,10533,3.1,3.9,139574
134,10535,10.2,0.0,53636
135,10536,3.8,4.1,157875
136,10537,10.7,9.1,77396
137,10538,4.5,3.1,152500
138,10541,7.3,6.2,107901
139,10543,8.3,10.0,83827
140,10545,0.0,0.0,-
141,10546,0.0,7.3,115278
142,10547,10.4,8.2,94982
143,10548,4.1,4.1,77059
144,10549,6.2,19.0,91184
145,10550,14.6,11.1,40698
146,10552,9.5,7.2,70991
147,10553,12.2,2.9,70513
148,10560,4.2,4.1,126905
149,10562,7.8,21.4,71773
150,10566,10.9,21.5,52125
151,10567,5.9,4.9,119521
152,10570,5.9,3.9,125814
153,10573,7.5,28.7,67206
154,10576,4.2,3.6,172714
155,10577,14.0,5.7,216250
156,10578,1.2,5.0,115714
157,10579,6.8,8.1,105694
158,10580,5.6,3.8,156595
159,10583,4.9,4.8,175123
160,10588,3.1,8.1,73054
161,10589,8.3,2.3,100240
162,10590,6.6,1.4,131607
163,10591,9.0,15.8,78388
164,10594,5.3,6.5,116950
165,10595,7.5,7.6,103889
166,10596,11.9,6.9,54432
167,10597,12.1,0.9,207895
168,10598,5.7,4.6,116862
169,10601,7.6,14.9,69234
170,10603,7.5,9.7,91884
171,10604,6.7,22.2,87396
172,10605,4.5,10.0,107325
173,10606,9.5,27.8,69579
174,10607,5.2,12.8,130982
175,10701,8.3,20.9,42238
176,10703,9.4,18.6,58244
177,10704,8.3,10.8,70272
178,10705,12.5,24.7,45446
179,10706,5.3,2.8,127632
180,10707,7.4,6.4,94427
181,10708,8.8,4.6,98014
182,10709,2.7,6.6,95625
183,10710,7.4,10.2,82324
184,10801,8.5,20.9,56101
185,10803,4.1,5.4,151607
186,10804,5.6,3.7,161445
187,10805,7.0,19.0,57672
188,10901,5.1,7.8,87444
189,10910,0.0,0.0,-
190,10911,-,-,-
191,10913,7.4,3.7,120929
192,10914,6.6,0.0,129632
193,10915,0.0,0.0,-
194,10916,6.5,3.4,105104
195,10917,13.8,11.1,96077
196,10918,5.4,5.0,91471
197,10919,5.6,3.6,97703
198,10920,9.6,11.4,103344
199,10921,8.6,4.4,86071
200,10922,5.1,0.0,96875
201,10923,7.5,13.4,83734
202,10924,6.6,2.9,90184
203,10925,9.4,0.4,68125
204,10926,4.3,10.1,66394
205,10927,10.1,30.2,56061
206,10928,7.7,4.5,77969
207,10930,6.8,4.3,129477
208,10931,6.2,6.6,78162
209,10932,0.0,9.0,-
210,10933,10.9,0.0,97845
211,10940,9.0,7.9,57007
212,10941,10.0,6.4,66141
213,10950,5.6,28.9,70645
214,10952,7.9,27.6,55595
215,10953,24.4,0.0,123600
216,10954,7.1,12.9,90743
217,10956,7.6,7.3,119899
218,10958,3.0,2.4,103203
219,10960,5.5,8.4,80141
220,10962,6.9,7.7,94303
221,10963,5.9,6.5,74821
222,10964,9.8,7.1,83257
223,10965,5.4,5.6,94352
224,10968,7.1,6.5,91581
225,10969,5.7,16.1,92500
226,10970,13.2,15.8,82856
227,10973,13.2,2.6,91250
228,10974,9.3,4.2,86006
229,10975,3.9,0.0,
230,10976,5.9,3.9,46750
231,10977,11.1,34.7,56598
232,10979,17.0,0.0,68125
233,10980,7.4,5.8,95214
234,10983,3.8,10.1,113036
235,10984,7.5,5.0,120341
236,10985,26.5,0.0,-
237,10986,7.4,1.4,119671
238,10987,4.6,4.2,97279
239,10988,2.1,0.6,79375
240,10989,5.6,7.1,104285
241,10990,6.1,2.1,88452
242,10992,6.4,2.9,84830
243,10993,9.6,18.1,64627
244,10994,2.0,5.2,130060
245,10996,6.8,3.6,100385
246,10998,6.8,2.9,98036
247,11001,6.0,10.7,99691
248,11003,9.7,17.7,89831
249,11004,7.0,15.5,85968
250,11005,2.3,4.3,58894
251,11010,7.3,9.6,97741
252,11020,3.5,19.4,123438
253,11021,6.9,15.5,90993
254,11023,4.5,17.6,106699
255,11024,6.2,17.2,94243
256,11030,5.5,5.3,161786
257,11040,5.2,16.2,106654
258,11042,-,8.0,-
259,11050,7.0,11.8,104261
260,11096,11.8,29.9,48449
261,11101,8.2,25.6,48013
262,11102,8.5,25.7,51123
263,11103,7.6,25.9,59243
264,11104,6.9,36.7,55294
265,11105,7.2,19.6,61646
266,11106,10.0,25.9,54109
267,11109,3.3,6.2,129505
268,11201,6.6,8.1,101150
269,11203,10.9,8.0,45936
270,11204,8.9,42.5,46560
271,11205,12.9,16.6,47575
272,11206,13.2,25.4,30779
273,11207,13.2,12.9,34252
274,11208,10.2,16.9,35698
275,11209,8.2,19.9,62761
276,11210,7.0,20.1,57565
277,11211,6.3,22.0,54406
278,11212,14.3,8.3,28207
279,11213,10.4,12.8,34701
280,11214,8.8,48.3,49828
281,11215,5.5,7.7,103716
282,11216,11.8,6.4,47107
283,11217,7.0,9.9,87091
284,11218,7.0,29.3,56120
285,11219,6.7,43.7,35974
286,11220,9.5,56.3,38893
287,11221,17.6,16.8,40635
288,11222,6.1,17.5,72409
289,11223,9.7,38.2,43019
290,11224,15.7,35.2,28006
291,11225,15.8,11.4,44911
292,11226,11.0,16.0,43399
293,11228,8.8,29.4,64250
294,11229,8.5,29.8,52168
295,11230,8.7,33.1,41068
296,11231,8.9,9.7,83310
297,11232,8.9,43.7,44474
298,11233,13.2,6.9,33745
299,11234,10.4,14.8,71115
300,11235,8.4,48.3,42818
301,11236,9.8,11.8,58705
302,11237,13.0,38.8,44950
303,11238,8.2,6.1,70873
304,11239,14.4,21.0,26186
305,11351,-,-,-
306,11354,7.2,58.2,44741
307,11355,7.2,65.8,39168
308,11356,7.8,42.8,57194
309,11357,8.6,24.0,73750
310,11358,6.3,37.6,65258
311,11359,-,-,-
312,11360,7.3,19.1,80235
313,11361,8.2,27.6,79158
314,11362,6.2,27.3,86758
315,11363,6.9,24.3,89219
316,11364,5.4,29.9,72477
317,11365,9.6,32.2,59520
318,11366,8.1,27.4,72486
319,11367,7.5,26.0,56557
320,11368,5.9,53.6,45004
321,11369,8.9,38.0,52310
322,11370,9.7,34.3,53427
323,11371,-,-,-
324,11372,6.4,45.3,50485
325,11373,6.1,55.2,47588
326,11374,7.5,31.6,52132
327,11375,5.7,22.3,72414
328,11377,6.1,42.4,50436
329,11378,8.8,21.7,57127
330,11379,8.1,18.8,71551
331,11385,7.2,24.6,55331
332,11411,6.4,6.0,81149
333,11412,14.6,5.2,72458
334,11413,8.9,4.1,81287
335,11414,8.1,10.6,68374
336,11415,4.9,19.4,63756
337,11416,10.9,26.3,58392
338,11417,11.2,20.9,62057
339,11418,10.0,27.5,61480
340,11419,10.2,14.8,58266
341,11420,11.0,11.3,59660
342,11421,9.3,29.6,60996
343,11422,6.4,7.5,84955
344,11423,11.9,14.3,62179
345,11424,-,-,-
346,11425,-,-,-
347,11426,5.8,23.3,77146
348,11427,7.6,21.4,66007
349,11428,8.8,20.9,67151
350,11429,17.1,12.0,68684
351,11430,37.4,18.8,-
352,11432,10.4,34.8,50702
353,11433,17.1,12.1,42964
354,11434,11.4,5.2,58076
355,11435,13.9,29.1,52686
356,11436,12.3,7.6,64005
357,11451,-,-,-
358,11501,3.9,16.5,89347
359,11507,8.2,15.7,111875
360,11509,4.4,1.5,135750
361,11510,6.4,11.1,93768
362,11514,5.1,14.6,97692
363,11516,7.8,12.9,95720
364,11518,7.3,5.5,92901
365,11520,7.5,27.0,72628
366,11530,5.4,3.2,139821
367,11542,5.0,18.4,68647
368,11545,3.8,4.3,142219
369,11547,11.3,2.8,115917
370,11548,6.7,4.2,100893
371,11549,9.9,6.6,-
372,11550,8.7,29.2,57003
373,11552,8.4,11.3,97254
374,11553,8.3,28.4,70201
375,11554,6.2,10.2,94214
376,11556,-,0.0,-
377,11557,7.1,5.9,120617
378,11558,7.2,10.2,72292
379,11559,4.8,6.4,115252
380,11560,4.9,7.5,103594
381,11561,6.1,8.9,89252
382,11563,8.6,5.8,85194
383,11565,5.1,3.7,110110
384,11566,6.8,4.5,125992
385,11568,5.0,9.6,172750
386,11569,3.2,1.8,110398
387,11570,6.8,7.3,107442
388,11572,4.9,6.3,95750
389,11575,9.8,21.3,65890
390,11576,4.7,9.3,152910
391,11577,5.3,11.8,116667
392,11579,3.9,4.0,110696
393,11580,8.9,15.7,90536
394,11581,10.4,12.8,100787
395,11590,5.5,23.4,89083
396,11596,5.6,8.0,110575
397,11598,4.7,3.7,129907
398,11691,10.2,17.2,42023
399,11692,12.9,13.8,42127
400,11693,10.4,12.7,53281
401,11694,8.7,6.8,75094
402,11697,4.5,0.2,93333
403,11701,5.4,17.0,73494
404,11702,5.1,4.7,97294
405,11703,6.0,8.1,88983
406,11704,6.3,11.2,81072
407,11705,6.0,0.8,98321
408,11706,7.8,17.0,79086
409,11709,3.1,2.5,101221
410,11710,5.9,4.5,106204
411,11713,6.4,5.1,71101
412,11714,7.1,4.0,88750
413,11715,2.7,1.6,108009
414,11716,7.4,3.3,79968
415,11717,7.9,37.8,70208
416,11718,5.0,1.0,122692
417,11719,7.1,1.2,91488
418,11720,5.5,6.4,91224
419,11721,7.2,1.1,106786
420,11722,6.4,27.5,66570
421,11724,2.4,3.4,200313
422,11725,6.5,4.0,113613
423,11726,7.1,35.3,69123
424,11727,6.8,9.7,75408
425,11729,7.7,8.1,83122
426,11730,4.8,1.3,115402
427,11731,7.4,3.9,99360
428,11732,6.1,3.2,116125
429,11733,5.0,6.1,129358
430,11735,5.8,7.5,91156
431,11738,4.8,7.8,94522
432,11739,6.4,1.0,129464
433,11740,7.1,3.9,89102
434,11741,6.2,3.0,100133
435,11742,6.9,4.1,86381
436,11743,5.0,5.0,113750
437,11746,7.1,14.7,99414
438,11747,3.9,4.3,117288
439,11749,3.4,13.4,87976
440,11751,5.1,3.3,95191
441,11752,6.0,3.0,100108
442,11753,3.4,10.3,145947
443,11754,8.3,3.3,100101
444,11755,4.6,6.1,96654
445,11756,6.2,6.4,100773
446,11757,6.8,12.0,81330
447,11758,5.1,5.2,104128
448,11762,7.5,1.5,112083
449,11763,4.5,7.9,85450
450,11764,6.4,3.9,109153
451,11765,2.3,4.9,137500
452,11766,3.2,4.1,111397
453,11767,4.3,5.1,119319
454,11768,6.9,2.0,117023
455,11769,6.0,2.3,86000
456,11770,3.9,5.8,148750
457,11771,4.4,3.7,118264
458,11772,6.8,9.3,68077
459,11776,7.8,8.0,92280
460,11777,5.9,4.5,112660
461,11778,10.1,4.3,90658
462,11779,7.5,5.4,85972
463,11780,4.9,2.0,107170
464,11782,5.3,1.8,110869
465,11783,5.9,1.8,105915
466,11784,7.0,7.8,89699
467,11786,7.1,2.5,121875
468,11787,6.1,3.0,111961
469,11788,4.6,4.1,105019
470,11789,6.5,2.5,87955
471,11790,7.5,7.6,134536
472,11791,4.4,9.2,151627
473,11792,2.5,1.6,120997
474,11793,4.6,2.6,113481
475,11794,14.4,17.7,-
476,11795,5.1,2.9,110815
477,11796,13.6,2.2,104236
478,11797,3.7,5.5,157216
479,11798,9.5,16.1,70343
480,11801,6.1,14.3,93759
481,11803,4.3,7.2,126536
482,11804,4.3,2.7,118900
483,11901,7.5,15.3,55450
484,11930,0.0,3.8,86083
485,11931,0.0,0.0,-
486,11932,4.0,1.1,70461
487,11933,8.8,5.6,59605
488,11934,5.8,3.9,90080
489,11935,6.0,4.7,86125
490,11937,6.6,8.4,84847
491,11939,15.9,4.2,72500
492,11940,5.0,0.9,96607
493,11941,4.8,4.6,102135
494,11942,3.4,2.8,88784
495,11944,8.8,10.9,56029
496,11946,3.3,14.2,75670
497,11947,0.0,0.0,
498,11948,5.8,3.8,103112
499,11949,4.3,1.4,105279
500,11950,5.7,8.5,71088
501,11951,9.7,3.5,63043
502,11952,10.2,2.9,74313
503,11953,8.7,3.9,70829
504,11954,5.2,5.2,72903
505,11955,4.7,4.3,61667
506,11956,9.3,12.6,
507,11957,5.2,1.7,75375
508,11958,10.1,7.0,65288
509,11959,2.2,0.5,85125
510,11960,5.4,3.0,103151
511,11961,6.4,2.7,56236
512,11962,0.0,0.0,209125
513,11963,4.1,9.7,86111
514,11964,4.7,0.9,79091
515,11965,0.0,0.0,101771
516,11967,5.4,8.1,82682
517,11968,7.4,8.6,82024
518,11970,27.0,0.0,
519,11971,7.2,1.1,89074
520,11972,1.2,2.0,104444
521,11973,35.3,30.4,-
522,11975,8.0,2.1,79250
523,11976,1.9,8.4,115547
524,11977,11.5,7.7,97045
525,11978,9.0,6.5,83203
526,11980,4.5,5.1,90313
527,12007,-,0.0,-
528,12008,17.3,3.2,93250
529,12009,7.6,1.0,89605
530,12010,8.6,5.1,44711
531,12015,15.2,4.9,58533
532,12017,5.6,0.0,62917
533,12018,3.9,1.1,81205
534,12019,5.3,0.6,88059
535,12020,7.3,1.3,73712
536,12022,7.8,0.0,51719
537,12023,6.6,1.5,61488
538,12024,0.0,0.0,-
539,12025,8.7,0.7,58923
540,12027,7.5,0.2,86656
541,12028,5.0,5.0,81923
542,12029,7.9,1.2,79000
543,12031,9.0,0.0,49167
544,12032,1.6,0.0,47130
545,12033,9.0,0.6,69733
546,12035,12.8,0.0,37647
547,12036,20.7,2.6,36875
548,12037,5.3,0.4,61188
549,12040,15.0,0.0,39063
550,12041,5.0,0.0,68571
551,12042,5.7,0.0,
552,12043,10.7,1.0,49869
553,12045,0.0,0.0,41250
554,12046,13.1,0.0,80129
555,12047,8.6,2.0,51313
556,12051,4.0,5.3,58664
557,12052,7.4,0.2,66012
558,12053,4.9,1.0,80082
559,12054,4.6,1.6,96813
560,12056,7.0,0.1,95714
561,12057,0.9,0.0,46797
562,12058,6.7,1.4,65000
563,12059,2.2,0.0,76250
564,12060,7.9,0.3,70278
565,12061,3.3,1.8,85043
566,12062,11.0,2.6,63258
567,12063,6.1,2.7,155658
568,12064,9.9,0.0,60119
569,12065,3.7,3.4,81192
570,12066,9.5,0.5,58672
571,12067,0.8,0.0,66875
572,12068,8.2,3.4,52473
573,12069,0.0,0.0,
574,12070,9.9,0.0,61250
575,12071,0.0,0.0,51563
576,12072,5.8,2.7,45000
577,12074,4.4,0.6,68690
578,12075,5.4,4.0,60544
579,12076,11.1,1.0,58478
580,12077,6.4,2.2,95135
581,12078,13.2,1.5,39810
582,12083,6.5,0.8,66250
583,12084,3.0,6.1,68080
584,12085,9.2,7.7,41985
585,12086,8.7,2.0,60417
586,12087,2.3,0.0,69531
587,12089,0.0,0.0,64375
588,12090,5.0,1.5,57181
589,12092,3.8,0.0,41500
590,12093,7.4,0.8,50900
591,12094,8.5,0.3,74625
592,12095,7.1,1.5,48142
593,12106,3.6,0.0,72417
594,12108,12.7,0.8,64750
595,12110,5.2,5.9,73997
596,12115,16.7,0.0,67083
597,12116,8.5,0.5,46458
598,12117,4.8,0.1,54420
599,12118,5.4,1.1,63750
600,12120,5.9,0.5,56250
601,12121,9.2,1.5,67243
602,12122,12.9,0.6,44738
603,12123,8.0,0.6,70331
604,12124,1.3,0.0,108977
605,12125,6.5,4.3,51741
606,12130,4.1,0.0,89750
607,12131,7.5,2.9,58750
608,12132,42.5,15.4,61150
609,12134,7.0,0.3,53214
610,12136,4.8,2.4,89276
611,12137,9.6,3.7,61563
612,12138,3.8,0.6,61296
613,12139,3.6,3.9,50625
614,12140,3.1,1.4,82564
615,12143,2.5,1.2,49803
616,12144,7.2,2.0,63286
617,12147,12.2,2.7,63000
618,12148,2.7,3.7,101307
619,12149,11.8,0.7,51000
620,12150,5.1,2.3,64286
621,12151,4.4,0.7,72321
622,12153,7.3,1.7,87393
623,12154,3.8,0.4,66579
624,12155,5.4,0.1,51304
625,12156,11.9,0.0,78170
626,12157,7.0,0.6,53929
627,12158,4.2,2.0,81006
628,12159,3.3,2.7,87927
629,12160,7.5,0.0,58333
630,12161,0.0,25.4,-
631,12164,1.5,5.2,58125
632,12165,8.5,1.5,105833
633,12166,11.1,3.6,43646
634,12167,11.6,1.6,46875
635,12168,16.2,0.4,60417
636,12169,9.2,5.0,50938
637,12170,11.9,0.8,66450
638,12172,17.3,0.0,46806
639,12173,3.3,2.6,68857
640,12174,5.8,1.4,57917
641,12175,27.5,1.3,48456
642,12176,32.1,1.8,75760
643,12177,22.6,0.0,70250
644,12180,8.2,4.0,49283
645,12182,14.2,2.4,40327
646,12183,6.4,4.8,55000
647,12184,3.8,4.4,77500
648,12185,1.7,0.9,72400
649,12186,6.3,0.9,86648
650,12187,8.0,0.0,49464
651,12188,6.7,2.3,62439
652,12189,7.0,4.2,49157
653,12190,19.0,0.0,43000
654,12192,4.2,0.9,63462
655,12193,8.1,0.0,76786
656,12194,5.3,0.0,61250
657,12195,0.0,0.0,
658,12196,3.7,2.0,92500
659,12197,7.5,1.3,44250
660,12198,5.5,3.7,82899
661,12202,12.7,3.8,25952
662,12203,6.3,4.5,51842
663,12204,4.6,2.7,49408
664,12205,6.1,4.0,64161
665,12206,15.8,7.5,28239
666,12207,17.7,5.2,10675
667,12208,5.0,4.3,56018
668,12209,5.1,11.0,52788
669,12210,3.9,3.6,43535
670,12211,2.8,3.1,90734
671,12222,18.2,4.8,-
672,12302,5.9,1.4,66437
673,12303,8.6,3.4,62402
674,12304,7.7,5.3,48427
675,12305,11.3,3.9,25552
676,12306,5.9,2.5,59816
677,12307,19.8,4.8,17772
678,12308,7.5,6.8,43908
679,12309,4.7,4.8,92904
680,12401,9.8,5.0,46071
681,12404,9.3,0.3,71615
682,12405,0.0,0.0,44485
683,12406,14.6,1.1,41111
684,12407,3.0,0.0,70833
685,12409,11.4,1.2,65625
686,12410,5.0,0.0,60469
687,12411,6.9,0.0,81518
688,12412,24.0,3.9,50568
689,12413,19.7,3.3,33468
690,12414,12.0,1.4,46925
691,12416,18.2,0.0,25050
692,12417,2.0,0.0,50549
693,12418,5.9,0.0,63393
694,12419,26.8,0.0,55893
695,12420,8.2,0.0,86466
696,12421,14.2,0.0,45313
697,12422,11.9,0.0,67569
698,12423,12.2,1.4,40750
699,12424,19.0,1.9,38750
700,12427,3.0,0.0,89044
701,12428,13.1,5.7,45565
702,12429,32.5,0.0,
703,12430,10.5,6.9,50530
704,12431,5.9,0.0,39907
705,12432,8.8,1.2,58913
706,12433,14.6,1.6,134261
707,12434,24.7,0.0,28083
708,12435,9.0,15.8,34205
709,12436,0.0,2.3,
710,12438,0.0,0.0,101250
711,12439,3.5,11.0,37188
712,12440,9.8,2.2,51375
713,12441,0.0,0.0,116500
714,12442,13.4,2.9,28472
715,12443,8.1,1.4,76897
716,12444,11.2,5.4,38229
717,12446,14.4,2.6,57373
718,12448,14.1,5.3,61648
719,12449,13.9,4.4,37951
720,12450,-,0.0,-
721,12451,0.0,1.0,60974
722,12452,3.7,1.8,41538
723,12453,0.0,0.0,34434
724,12454,17.6,0.0,73750
725,12455,13.0,4.1,40439
726,12456,16.3,2.1,47656
727,12457,16.2,2.9,
728,12458,9.6,5.8,43393
729,12459,0.0,0.0,40195
730,12460,14.0,0.0,52014
731,12461,6.6,2.3,63445
732,12463,13.4,1.7,51197
733,12464,1.6,0.0,47778
734,12465,0.0,8.6,71875
735,12466,5.7,1.9,67616
736,12468,17.8,4.2,41776
737,12469,7.8,4.6,44643
738,12470,9.6,22.1,51731
739,12471,9.9,0.0,46250
740,12472,4.9,1.3,56250
741,12473,0.0,0.0,73622
742,12474,13.2,2.8,41538
743,12475,16.7,0.0,
744,12477,10.1,2.0,58843
745,12480,10.3,9.5,41406
746,12481,6.2,3.5,54467
747,12482,6.7,0.0,34222
748,12483,10.5,1.9,35865
749,12484,9.3,0.9,79327
750,12485,6.3,11.2,51382
751,12486,11.8,0.0,74922
752,12487,7.1,3.5,71736
753,12489,11.5,3.3,67868
754,12490,-,-,-
755,12491,3.3,1.4,57917
756,12492,10.6,0.0,50139
757,12493,0.0,0.0,85547
758,12494,14.6,0.0,59844
759,12495,19.6,3.6,82857
760,12496,7.9,0.9,50435
761,12498,5.1,1.3,67229
762,12501,9.2,4.4,64485
763,12502,7.7,1.7,72250
764,12503,7.0,6.8,63472
765,12504,7.1,3.2,68125
766,12507,5.1,1.2,66538
767,12508,10.2,6.4,68965
768,12512,0.0,0.0,
769,12513,14.6,0.0,67917
770,12514,6.8,4.5,89306
771,12515,8.2,2.6,55536
772,12516,7.3,2.9,52847
773,12517,0.0,0.0,60469
774,12518,4.8,2.9,76143
775,12520,4.8,1.9,89417
776,12521,2.6,0.5,68958
777,12522,10.8,2.5,53156
778,12523,10.3,1.3,64643
779,12524,8.7,5.7,75789
780,12525,6.6,0.0,74038
781,12526,5.2,1.4,64853
782,12527,17.9,0.0,
783,12528,8.6,2.2,62583
784,12529,5.2,1.3,62143
785,12530,-,0.0,16821
786,12531,7.4,1.7,81686
787,12533,8.4,4.5,101781
788,12534,8.5,2.5,45263
789,12538,6.9,3.4,72500
790,12540,7.0,3.4,102270
791,12542,6.5,2.6,64874
792,12543,10.1,7.3,59310
793,12545,5.3,4.0,67596
794,12546,3.3,7.5,61389
795,12547,10.4,2.0,69537
796,12548,10.4,0.8,56625
797,12549,5.3,1.8,83352
798,12550,8.1,12.6,56222
799,12553,6.7,6.1,70279
800,12561,8.9,3.8,66911
801,12563,7.5,5.1,83811
802,12564,10.3,6.5,81429
803,12565,12.3,0.0,41875
804,12566,4.8,1.1,79424
805,12567,8.7,1.6,64405
806,12569,9.9,3.2,73324
807,12570,6.7,2.1,100161
808,12571,5.3,3.5,69217
809,12572,6.1,2.0,69901
810,12574,6.6,0.0,85750
811,12575,4.2,0.0,120833
812,12577,9.4,1.8,77750
813,12578,7.9,3.8,79798
814,12580,8.9,1.5,72589
815,12581,8.2,3.0,74688
816,12582,6.3,6.3,94600
817,12583,7.1,3.9,58938
818,12585,5.2,0.0,115357
819,12586,6.8,2.5,68810
820,12589,8.6,4.1,81609
821,12590,8.2,7.0,80188
822,12592,0.0,2.0,60543
823,12594,10.0,6.8,66445
824,12601,12.0,8.5,40508
825,12603,8.8,5.0,75569
826,12604,6.2,2.2,-
827,12701,13.0,7.4,32403
828,12719,14.9,2.5,51607
829,12720,0.0,10.2,78690
830,12721,13.3,0.8,58849
831,12722,26.9,0.0,
832,12723,7.9,4.4,54375
833,12724,17.7,0.0,60848
834,12725,11.4,2.4,43750
835,12726,5.2,1.3,59583
836,12729,6.2,1.0,51542
837,12732,4.9,2.4,40568
838,12733,0.9,4.6,44286
839,12734,13.7,6.7,62632
840,12736,5.3,5.1,35938
841,12737,11.5,5.4,65500
842,12738,6.6,1.5,75600
843,12740,5.5,0.8,59198
844,12741,23.9,0.0,30000
845,12742,13.2,0.0,40781
846,12743,24.8,4.5,51354
847,12745,11.1,0.0,64375
848,12746,7.6,1.4,83221
849,12747,10.0,1.8,62576
850,12748,5.9,2.0,59107
851,12749,0.0,0.0,46313
852,12750,10.3,0.0,74792
853,12751,1.2,16.5,49531
854,12752,13.9,0.0,50781
855,12754,13.5,7.9,39598
856,12758,7.7,2.2,53147
857,12759,34.9,16.1,25700
858,12760,10.9,0.7,50962
859,12762,0.0,3.0,39762
860,12763,5.1,6.0,58144
861,12764,11.0,1.3,51053
862,12765,10.0,3.4,68177
863,12766,18.0,0.0,70227
864,12767,14.8,0.0,111875
865,12768,10.7,1.7,41983
866,12769,22.1,0.0,
867,12770,16.5,5.1,49688
868,12771,8.8,3.4,46446
869,12775,4.6,4.9,89167
870,12776,6.9,1.8,57422
871,12777,3.2,3.6,73750
872,12778,18.8,0.0,
873,12779,21.2,25.6,37992
874,12780,7.2,2.1,36490
875,12781,9.6,0.0,58036
876,12783,29.5,6.1,59394
877,12784,0.0,0.0,-
878,12785,21.1,0.0,48147
879,12786,0.0,14.0,44201
880,12787,8.7,0.0,58365
881,12788,10.7,7.9,40139
882,12789,6.6,10.8,50114
883,12790,11.4,2.6,48951
884,12791,0.0,0.0,58380
885,12792,19.4,7.4,36563
886,12801,8.8,1.5,45395
887,12803,6.2,0.8,59438
888,12804,5.2,1.4,63120
889,12808,5.3,0.0,76458
890,12809,5.9,0.0,58125
891,12810,5.0,0.9,57500
892,12811,40.0,0.0,-
893,12812,0.0,0.0,49583
894,12814,1.9,2.4,58176
895,12815,5.6,2.2,60458
896,12816,8.3,0.2,50417
897,12817,5.6,0.4,59861
898,12819,9.0,5.1,43839
899,12821,14.4,5.5,34000
900,12822,5.6,0.5,52578
901,12823,0.0,0.0,82639
902,12824,6.7,0.6,61650
903,12827,6.6,0.0,62917
904,12828,8.7,0.1,51250
905,12831,3.9,1.0,78505
906,12832,13.0,1.3,43918
907,12833,6.2,0.8,65898
908,12834,6.4,0.8,56104
909,12835,8.4,0.4,51148
910,12836,12.5,3.5,61739
911,12837,14.9,0.5,45446
912,12838,12.9,0.0,56250
913,12839,11.9,1.1,44350
914,12841,0.0,0.0,27500
915,12842,0.0,0.0,37321
916,12843,3.1,0.0,38393
917,12844,7.7,2.3,60000
918,12845,6.2,1.5,66710
919,12846,5.3,0.3,53112
920,12847,1.0,6.1,62917
921,12849,9.3,0.0,70263
922,12850,6.4,0.4,74622
923,12851,12.9,2.1,48036
924,12852,8.0,2.0,46094
925,12853,13.6,0.8,38906
926,12855,10.3,0.0,44583
927,12856,0.0,0.0,
928,12857,3.5,3.9,49397
929,12858,0.0,0.0,
930,12859,11.7,0.0,55776
931,12860,2.2,1.4,38043
932,12861,12.3,0.7,63125
933,12862,-,0.0,-
934,12863,0.0,0.0,69125
935,12864,0.0,0.0,-
936,12865,11.4,1.6,57000
937,12866,7.9,2.2,70515
938,12870,0.6,5.2,55938
939,12871,6.6,0.8,64653
940,12872,0.0,7.3,28750
941,12873,4.7,1.8,48750
942,12874,3.6,2.1,69583
943,12878,11.5,1.0,50500
944,12883,8.2,0.6,52936
945,12884,4.9,0.0,46250
946,12885,8.7,2.0,53232
947,12886,0.0,0.0,
948,12887,10.0,0.5,47440
949,12901,6.5,1.7,43642
950,12903,3.3,1.5,50583
951,12910,6.4,0.7,56447
952,12911,0.0,0.0,-
953,12912,9.7,0.7,50714
954,12913,6.3,1.2,55761
955,12914,10.8,1.1,50208
956,12916,11.8,3.5,55865
957,12917,5.5,4.3,55417
958,12918,3.6,0.6,58906
959,12919,16.3,0.8,42226
960,12920,7.8,1.9,50150
961,12921,8.4,0.4,63750
962,12922,18.2,0.0,53125
963,12923,6.6,1.0,40375
964,12924,21.4,0.0,39479
965,12926,8.0,1.4,50500
966,12927,25.5,0.4,43750
967,12928,15.6,2.0,44669
968,12929,8.2,6.7,45795
969,12930,9.5,2.1,45357
970,12932,10.0,0.0,46875
971,12933,0.0,0.0,-
972,12934,4.9,1.1,38393
973,12935,13.2,4.1,48514
974,12936,8.3,0.4,60147
975,12937,14.1,2.1,40719
976,12939,2.1,0.0,54688
977,12941,11.3,0.4,61250
978,12942,8.6,1.2,47050
979,12943,0.0,0.0,51591
980,12944,8.1,2.7,47197
981,12945,0.0,0.0,71250
982,12946,8.0,3.1,55917
983,12950,4.0,1.9,46667
984,12952,39.9,0.6,42813
985,12953,6.7,3.5,48684
986,12955,3.6,1.4,64018
987,12956,11.4,0.0,65125
988,12957,11.5,1.6,34783
989,12958,4.9,0.0,40456
990,12959,9.3,0.0,44286
991,12960,6.8,0.3,75781
992,12961,5.4,0.0,
993,12962,7.3,2.4,68852
994,12964,0.0,0.0,
995,12965,12.0,0.4,38542
996,12966,6.5,0.2,42200
997,12967,9.4,1.7,44145
998,12969,6.8,0.0,40250
999,12970,3.9,2.3,45000
1000,12972,3.6,0.3,66141
1001,12973,14.6,0.0,60000
1002,12974,13.4,1.0,40500
1003,12975,3.5,1.7,70509
1004,12976,26.8,0.0,61250
1005,12977,0.0,15.3,-
1006,12978,27.8,0.0,
1007,12979,3.7,1.0,64417
1008,12980,12.3,0.9,40774
1009,12981,7.1,0.4,54886
1010,12983,6.5,1.4,50833
1011,12985,0.3,0.0,39722
1012,12986,8.3,0.3,50958
1013,12987,3.5,0.0,33942
1014,12989,5.2,1.0,62656
1015,12992,5.8,0.7,50403
1016,12993,11.8,6.0,43704
1017,12996,4.8,2.0,44643
1018,12997,5.0,1.6,65850
1019,12998,6.3,0.0,27684
1020,13020,22.4,2.3,45750
1021,13021,7.9,1.2,47486
1022,13024,-,16.1,-
1023,13026,4.0,4.2,65750
1024,13027,4.9,1.1,69368
1025,13028,14.7,1.7,40000
1026,13029,8.8,1.1,68729
1027,13030,5.2,0.4,60871
1028,13031,4.9,2.2,70259
1029,13032,4.8,0.7,51581
1030,13033,5.2,1.2,60326
1031,13034,6.4,0.3,57000
1032,13035,4.0,0.7,70168
1033,13036,9.3,0.7,51722
1034,13037,2.8,0.4,64508
1035,13039,6.2,1.5,79474
1036,13040,7.2,0.0,46369
1037,13041,5.1,2.6,78929
1038,13042,10.5,0.3,55625
1039,13044,7.1,0.0,61027
1040,13045,5.6,1.6,46204
1041,13051,21.9,0.0,
1042,13052,2.9,0.4,53958
1043,13053,5.7,1.9,62917
1044,13054,8.5,0.9,51897
1045,13057,7.6,4.0,55848
1046,13060,7.2,0.6,57083
1047,13061,7.6,0.0,59861
1048,13062,0.0,0.0,
1049,13063,3.0,2.0,78352
1050,13064,0.0,15.0,
1051,13066,2.3,2.0,77004
1052,13068,6.1,0.3,65813
1053,13069,12.1,1.1,43858
1054,13071,4.9,0.0,63750
1055,13072,5.5,2.8,50938
1056,13073,6.0,0.6,54133
1057,13074,12.3,0.3,50992
1058,13076,13.1,0.5,51694
1059,13077,5.5,1.6,57366
1060,13078,5.1,3.2,83558
1061,13080,8.3,0.2,58889
1062,13081,5.3,1.1,58173
1063,13082,9.1,1.1,58077
1064,13083,10.8,0.3,49952
1065,13084,2.4,0.2,66513
1066,13087,6.0,0.0,133750
1067,13088,6.0,4.4,53091
1068,13090,5.5,2.1,68411
1069,13092,4.1,2.0,63125
1070,13101,9.7,0.6,60344
1071,13102,-,0.0,-
1072,13103,22.6,0.0,
1073,13104,4.6,3.3,99631
1074,13108,3.0,0.0,75278
1075,13110,4.4,1.0,70769
1076,13111,4.0,0.1,52019
1077,13112,3.9,0.0,55000
1078,13113,8.8,0.0,61875
1079,13114,7.7,3.4,52188
1080,13115,0.0,0.0,40833
1081,13116,2.9,0.0,59209
1082,13117,1.9,0.0,54750
1083,13118,7.0,0.6,56375
1084,13120,5.9,7.6,55795
1085,13122,3.7,0.0,61518
1086,13123,0.0,0.0,66875
1087,13124,13.2,0.0,46094
1088,13126,8.6,1.5,47467
1089,13131,11.3,0.4,51847
1090,13132,4.1,3.1,57688
1091,13134,0.0,0.0,44583
1092,13135,9.4,0.8,49576
1093,13136,13.7,0.4,42212
1094,13138,-,-,-
1095,13140,8.9,0.5,49681
1096,13141,3.5,1.6,44853
1097,13142,9.9,2.3,45542
1098,13143,6.6,1.2,46944
1099,13144,13.7,1.5,43404
1100,13145,8.0,0.0,44313
1101,13146,8.1,0.8,44954
1102,13147,6.4,4.1,66875
1103,13148,6.6,1.4,49393
1104,13152,4.9,0.7,86380
1105,13153,0.0,0.0,47250
1106,13155,8.1,0.7,45179
1107,13156,8.9,0.3,55773
1108,13157,11.0,0.0,39750
1109,13158,7.3,0.0,45500
1110,13159,6.4,0.5,72745
1111,13160,5.3,2.4,64630
1112,13162,4.5,0.0,81571
1113,13163,0.0,0.0,49444
1114,13164,7.4,4.4,72750
1115,13165,4.6,0.6,48344
1116,13166,8.3,0.6,56628
1117,13167,9.3,0.4,51250
1118,13202,17.7,8.3,15565
1119,13203,9.8,9.6,30731
1120,13204,11.5,8.9,28220
1121,13205,14.3,3.7,30284
1122,13206,7.7,4.1,38264
1123,13207,11.0,2.2,44741
1124,13208,12.4,14.7,32526
1125,13209,6.4,4.3,52218
1126,13210,11.6,6.2,25229
1127,13211,9.0,2.1,44579
1128,13212,6.7,1.2,51997
1129,13214,4.3,7.9,68424
1130,13215,5.5,2.0,82421
1131,13219,5.6,2.1,59590
1132,13224,10.7,3.7,51591
1133,13290,-,-,-
1134,13301,0.0,0.0,74107
1135,13302,11.3,0.1,48594
1136,13303,7.0,0.0,64107
1137,13304,6.5,0.0,80469
1138,13305,2.1,0.0,90000
1139,13308,7.2,0.6,40585
1140,13309,8.8,1.0,53829
1141,13310,18.8,0.0,48188
1142,13312,13.5,0.0,40882
1143,13313,4.2,3.7,38438
1144,13314,7.0,1.1,43542
1145,13315,6.8,1.6,49861
1146,13316,5.8,0.5,44719
1147,13317,7.0,0.0,50900
1148,13318,4.9,0.6,58864
1149,13319,3.4,1.5,40833
1150,13320,5.4,1.7,55781
1151,13321,2.1,0.0,50168
1152,13322,5.0,0.0,45368
1153,13323,3.6,1.7,63169
1154,13324,18.8,0.8,37267
1155,13325,8.8,0.0,50391
1156,13326,3.9,1.8,60268
1157,13327,5.6,0.1,43676
1158,13328,4.7,0.0,55313
1159,13329,7.3,3.2,43295
1160,13331,0.0,0.0,74063
1161,13332,4.3,0.6,44114
1162,13333,15.2,0.0,60125
1163,13334,5.5,0.0,53750
1164,13335,5.6,0.0,57292
1165,13337,0.0,1.9,51932
1166,13338,10.8,0.0,47721
1167,13339,7.2,5.8,42936
1168,13340,7.0,2.0,45429
1169,13341,0.0,0.0,107938
1170,13342,13.7,0.0,56667
1171,13343,7.3,0.2,51576
1172,13345,5.5,0.0,
1173,13346,6.6,1.6,70227
1174,13348,6.9,0.4,42604
1175,13350,9.3,2.9,43988
1176,13352,0.0,0.0,
1177,13353,0.0,0.0,34375
1178,13354,4.2,2.8,69788
1179,13355,6.6,1.6,42672
1180,13357,10.3,1.0,42627
1181,13360,9.1,0.0,41406
1182,13361,11.6,4.6,51500
1183,13362,16.2,0.0,
1184,13363,7.4,0.4,58947
1185,13364,0.0,0.0,40625
1186,13365,7.9,1.4,43922
1187,13367,8.7,2.1,54543
1188,13368,13.2,0.0,45772
1189,13402,5.5,0.5,47500
1190,13403,4.6,4.2,81071
1191,13404,3.9,1.7,32500
1192,13406,14.2,0.0,54196
1193,13407,7.0,0.9,48417
1194,13408,5.3,1.7,49167
1195,13409,2.4,0.1,53631
1196,13410,0.0,0.0,53000
1197,13411,13.7,0.8,40688
1198,13413,6.3,2.1,68184
1199,13415,9.4,0.0,41250
1200,13416,7.2,0.7,56307
1201,13417,8.8,1.3,31289
1202,13418,6.4,0.0,53750
1203,13420,7.1,2.0,59750
1204,13421,6.5,1.1,46810
1205,13424,3.5,1.3,56489
1206,13425,6.6,2.7,49118
1207,13428,7.5,0.5,46297
1208,13431,10.3,4.7,60543
1209,13433,10.7,0.5,44103
1210,13435,2.8,0.0,46250
1211,13436,34.8,1.1,53750
1212,13437,10.7,0.0,47917
1213,13438,7.4,1.3,51471
1214,13439,8.2,1.0,47000
1215,13440,6.0,1.6,48906
1216,13441,-,0.0,-
1217,13450,5.1,0.0,50179
1218,13452,8.1,0.3,40331
1219,13454,12.0,1.3,36125
1220,13456,5.7,0.6,63922
1221,13459,10.6,2.7,47348
1222,13460,5.1,1.3,44875
1223,13461,3.1,1.2,55943
1224,13464,6.9,0.0,44500
1225,13468,2.5,3.3,46000
1226,13469,2.9,0.0,70000
1227,13470,7.9,0.0,41339
1228,13471,10.0,2.1,50402
1229,13472,12.2,0.0,72167
1230,13473,2.0,0.8,56500
1231,13475,0.0,0.0,
1232,13476,1.8,1.8,51563
1233,13477,0.0,0.0,46375
1234,13478,10.6,2.6,59516
1235,13480,6.4,0.2,46146
1236,13483,0.0,0.0,42188
1237,13484,0.0,0.0,92796
1238,13485,6.0,0.8,40078
1239,13486,10.6,0.0,55583
1240,13488,3.7,1.8,62813
1241,13489,15.1,3.7,50750
1242,13490,5.3,2.0,67500
1243,13491,5.3,1.6,56181
1244,13492,4.7,1.1,61058
1245,13493,8.6,0.6,51532
1246,13494,16.9,1.2,45250
1247,13495,11.1,4.9,52500
1248,13501,11.7,19.5,31945
1249,13502,10.7,7.0,35340
1250,13601,9.4,1.5,45971
1251,13602,0.0,0.7,51364
1252,13603,15.1,6.1,41929
1253,13605,7.0,0.8,49142
1254,13606,13.1,1.5,54522
1255,13607,22.2,0.5,43615
1256,13608,22.6,1.0,50882
1257,13612,10.4,1.5,60567
1258,13613,8.0,4.6,42875
1259,13614,6.9,8.4,35625
1260,13615,6.6,0.0,54830
1261,13616,18.9,3.7,45179
1262,13617,10.3,2.9,50213
1263,13618,12.4,0.3,51157
1264,13619,9.4,0.5,53144
1265,13620,13.1,0.3,43889
1266,13621,24.9,0.0,37188
1267,13622,5.2,0.6,55123
1268,13623,10.0,0.0,78750
1269,13624,7.9,1.9,59559
1270,13625,5.7,0.0,49833
1271,13626,4.2,0.4,51471
1272,13628,23.7,1.2,45000
1273,13630,6.2,4.4,55750
1274,13633,6.2,0.0,67625
1275,13634,7.4,0.3,53995
1276,13635,15.5,3.4,34345
1277,13636,10.4,1.1,57000
1278,13637,16.1,1.2,51956
1279,13638,21.4,2.7,38750
1280,13639,9.6,1.0,48750
1281,13640,0.0,0.0,50536
1282,13641,0.0,0.0,
1283,13642,12.3,2.2,39383
1284,13643,-,-,-
1285,13646,10.9,1.2,41696
1286,13647,0.0,0.0,99423
1287,13648,12.9,0.3,47031
1288,13650,5.9,0.4,56324
1289,13651,0.0,0.0,79545
1290,13652,5.9,1.1,44167
1291,13654,4.1,4.7,43490
1292,13655,24.7,4.6,31881
1293,13656,10.5,0.4,52949
1294,13658,11.6,0.0,56227
1295,13659,13.0,0.6,48646
1296,13660,9.7,2.8,41979
1297,13661,14.7,1.1,59063
1298,13662,13.0,2.0,41889
1299,13664,10.4,0.5,60313
1300,13665,12.0,0.0,60106
1301,13666,32.7,0.7,24844
1302,13667,10.1,1.3,39698
1303,13668,8.7,0.5,46356
1304,13669,8.0,3.5,42129
1305,13670,5.5,0.4,40313
1306,13672,9.2,0.8,48417
1307,13673,7.6,0.7,48589
1308,13674,0.0,0.0,-
1309,13675,41.4,0.0,-
1310,13676,8.2,3.0,50271
1311,13677,0.0,0.0,-
1312,13678,0.0,0.0,
1313,13679,18.5,1.4,47988
1314,13680,12.2,4.0,33681
1315,13681,10.4,1.0,46125
1316,13682,4.3,0.0,65625
1317,13684,8.0,1.1,46250
1318,13685,10.4,1.3,56875
1319,13687,22.1,2.3,43693
1320,13690,9.6,0.4,40500
1321,13691,12.4,1.1,56793
1322,13692,0.0,0.0,59803
1323,13693,8.3,0.0,46875
1324,13694,6.8,0.3,70134
1325,13695,0.0,0.0,95156
1326,13696,0.0,0.0,-
1327,13697,12.0,1.0,37212
1328,13730,5.9,1.0,45600
1329,13731,4.9,0.6,46842
1330,13732,6.2,1.1,77775
1331,13733,4.2,1.4,49859
1332,13734,7.1,0.0,58333
1333,13736,8.9,0.2,60500
1334,13739,6.4,0.8,50469
1335,13740,12.6,1.3,50938
1336,13743,7.8,0.8,52622
1337,13744,7.2,0.1,55395
1338,13746,12.9,1.5,51793
1339,13748,7.8,0.3,46570
1340,13750,4.8,0.0,37750
1341,13751,18.9,0.0,37917
1342,13752,3.5,5.1,43167
1343,13753,10.2,1.8,49693
1344,13754,9.8,2.3,44282
1345,13755,2.3,0.8,33393
1346,13756,4.3,2.7,46198
1347,13757,4.1,0.3,52056
1348,13760,7.1,2.9,52598
1349,13774,0.0,0.0,71071
1350,13775,10.1,0.8,47750
1351,13776,12.0,2.8,50625
1352,13777,10.5,0.0,53125
1353,13778,5.2,0.7,55410
1354,13780,15.1,1.8,47163
1355,13782,2.2,0.0,47292
1356,13783,9.1,2.1,39342
1357,13784,0.0,0.0,38125
1358,13786,14.2,0.0,51797
1359,13787,9.2,1.6,39634
1360,13788,18.9,0.5,51382
1361,13790,7.7,3.7,39803
1362,13794,0.0,0.0,84375
1363,13795,8.7,1.9,50299
1364,13796,10.9,0.9,51875
1365,13797,8.2,0.3,48533
1366,13801,14.5,0.3,36691
1367,13802,9.6,0.0,56071
1368,13803,5.5,1.4,55195
1369,13804,13.9,0.6,54432
1370,13806,4.1,0.0,62955
1371,13807,6.1,0.9,56136
1372,13808,3.2,0.4,48068
1373,13809,4.9,0.4,50069
1374,13810,6.7,0.4,34688
1375,13811,3.0,0.3,52500
1376,13812,7.6,0.7,48359
1377,13813,18.1,0.8,42768
1378,13815,6.7,2.3,44647
1379,13820,8.8,1.6,44614
1380,13825,5.5,1.0,50515
1381,13826,-,0.0,-
1382,13827,6.9,1.4,59730
1383,13830,7.9,0.2,46742
1384,13832,17.9,0.0,33415
1385,13833,7.5,0.4,47399
1386,13834,0.0,0.0,-
1387,13835,9.6,0.2,44750
1388,13838,11.8,0.9,34753
1389,13839,0.0,3.0,44000
1390,13841,13.3,0.3,43250
1391,13842,1.2,0.5,77778
1392,13843,8.7,0.8,44178
1393,13844,5.0,0.9,41750
1394,13845,-,0.0,-
1395,13846,6.4,0.0,45625
1396,13847,16.7,0.0,-
1397,13849,6.4,0.6,42226
1398,13850,3.8,3.9,61546
1399,13856,7.7,0.4,38086
1400,13859,0.0,0.0,63021
1401,13860,21.3,0.0,-
1402,13861,0.0,0.0,
1403,13862,7.0,1.2,59963
1404,13863,14.7,0.3,56094
1405,13864,8.0,0.0,39057
1406,13865,4.5,0.8,60399
1407,13901,8.8,2.6,41921
1408,13902,13.8,6.2,-
1409,13903,7.9,3.8,41556
1410,13904,8.0,3.4,41738
1411,13905,10.2,3.7,35046
1412,14001,3.5,0.6,54698
1413,14004,6.8,0.4,66089
1414,14005,7.2,0.3,59318
1415,14006,9.8,0.3,53642
1416,14008,8.8,0.8,55625
1417,14009,8.7,0.6,44464
1418,14011,5.6,3.3,60307
1419,14012,5.0,3.0,52045
1420,14013,10.6,1.8,48833
1421,14020,6.7,1.3,44864
1422,14024,10.6,0.1,59338
1423,14025,5.4,0.0,62073
1424,14026,2.3,0.0,79563
1425,14028,9.7,0.3,60625
1426,14030,2.6,0.2,56932
1427,14031,5.8,2.9,69530
1428,14032,2.1,0.9,99194
1429,14033,8.6,0.0,86708
1430,14034,7.7,3.7,55000
1431,14035,0.0,0.0,
1432,14036,6.1,0.1,55744
1433,14037,3.8,0.0,68056
1434,14039,8.9,0.0,48750
1435,14040,5.9,0.9,63214
1436,14041,2.1,0.0,47000
1437,14042,12.0,0.7,35156
1438,14043,6.4,1.5,51318
1439,14047,8.0,0.2,58148
1440,14048,9.6,7.2,40804
1441,14051,2.1,3.4,107500
1442,14052,4.3,0.9,75750
1443,14054,4.5,0.9,55375
1444,14055,8.5,0.0,63242
1445,14057,6.1,1.0,63497
1446,14058,4.0,9.5,67155
1447,14059,2.2,0.7,78322
1448,14060,8.5,0.0,
1449,14061,7.4,0.3,59545
1450,14062,8.4,2.0,50469
1451,14063,6.2,2.4,49596
1452,14065,10.9,2.1,42143
1453,14066,7.7,1.1,50455
1454,14067,2.2,0.7,48246
1455,14068,3.4,5.5,59262
1456,14069,3.2,0.0,41042
1457,14070,8.0,3.0,42575
1458,14072,5.8,1.7,78597
1459,14075,7.1,0.8,62963
1460,14080,5.2,0.5,61920
1461,14081,8.2,0.3,57019
1462,14082,0.0,0.0,44063
1463,14085,4.3,0.5,85536
1464,14086,4.6,1.2,77999
1465,14091,10.4,0.0,61304
1466,14092,4.6,2.2,67500
1467,14094,7.2,1.1,51787
1468,14098,4.0,3.5,54148
1469,14101,6.8,1.2,53125
1470,14102,2.3,0.0,95083
1471,14103,10.9,1.7,45235
1472,14105,2.3,0.7,62985
1473,14108,5.7,0.0,50352
1474,14109,8.8,0.5,-
1475,14111,10.7,1.4,54940
1476,14112,-,-,-
1477,14113,3.9,1.8,41359
1478,14120,6.6,1.5,56089
1479,14125,7.9,1.2,54022
1480,14126,13.3,0.0,55893
1481,14127,3.5,1.1,84798
1482,14129,12.8,5.5,43603
1483,14130,0.0,0.0,47679
1484,14131,7.4,0.4,68869
1485,14132,5.9,0.2,60595
1486,14134,8.6,0.0,83594
1487,14135,24.2,0.0,43250
1488,14136,10.8,1.7,43882
1489,14138,6.6,5.7,47803
1490,14139,3.8,0.0,71250
1491,14141,4.3,1.4,51194
1492,14143,4.3,0.9,54758
1493,14145,3.2,0.3,56333
1494,14150,4.9,2.3,51302
1495,14167,6.1,1.6,59306
1496,14168,0.0,0.0,
1497,14169,0.0,0.0,32407
1498,14170,8.1,0.0,68333
1499,14171,6.2,0.7,44495
1500,14172,6.3,0.1,56591
1501,14173,12.5,0.0,34598
1502,14174,6.7,1.5,66597
1503,14201,9.9,17.1,25551
1504,14202,11.5,10.3,42336
1505,14203,6.7,1.6,31892
1506,14204,15.2,5.7,26269
1507,14206,12.3,2.2,35662
1508,14207,12.6,15.3,24593
1509,14208,17.1,2.7,24036
1510,14209,9.3,4.7,31688
1511,14210,14.9,2.5,33821
1512,14211,14.0,4.6,23881
1513,14212,15.1,11.9,23438
1514,14213,9.1,22.8,28365
1515,14214,7.1,3.5,39433
1516,14215,15.1,0.9,31527
1517,14216,7.4,2.8,50781
1518,14217,4.2,1.0,50434
1519,14218,11.2,7.5,36628
1520,14219,8.2,2.3,48702
1521,14220,6.6,2.4,47088
1522,14221,3.2,3.7,77511
1523,14222,6.6,2.7,52066
1524,14223,5.1,1.7,59326
1525,14224,6.1,1.1,59875
1526,14225,7.4,1.9,47693
1527,14226,5.0,3.3,61930
1528,14227,4.6,2.8,48941
1529,14228,6.1,5.5,48343
1530,14261,6.2,4.2,-
1531,14301,15.9,3.5,21413
1532,14302,-,0.0,-
1533,14303,12.8,3.0,29916
1534,14304,7.1,1.4,50072
1535,14305,12.2,1.0,32211
1536,14411,9.6,2.1,41820
1537,14414,2.7,1.0,57273
1538,14415,10.8,4.3,37708
1539,14416,6.3,0.8,49583
1540,14418,4.6,1.0,59236
1541,14420,7.0,3.2,52232
1542,14422,6.4,0.0,63250
1543,14423,5.9,0.5,53116
1544,14424,6.7,1.4,53490
1545,14425,6.2,2.4,63354
1546,14427,7.8,0.8,51850
1547,14428,3.4,1.4,59292
1548,14432,6.4,1.4,52565
1549,14433,7.7,3.1,51250
1550,14435,5.6,0.8,60822
1551,14437,5.9,1.8,44244
1552,14441,13.4,13.5,50625
1553,14445,6.1,3.0,48094
1554,14450,6.0,1.9,76655
1555,14454,5.5,2.5,42323
1556,14456,7.5,5.1,45279
1557,14462,11.4,0.6,52019
1558,14464,6.7,0.3,57736
1559,14466,3.9,2.2,55987
1560,14467,4.7,4.3,74970
1561,14468,5.2,0.8,65810
1562,14469,8.2,0.5,60278
1563,14470,8.8,0.2,46856
1564,14471,5.5,0.0,62791
1565,14472,2.7,1.0,85049
1566,14475,0.0,0.0,84167
1567,14476,5.4,0.3,52386
1568,14477,9.3,0.6,54290
1569,14478,6.7,3.6,91250
1570,14479,0.0,0.0,
1571,14480,10.3,5.5,38015
1572,14481,5.9,6.9,52212
1573,14482,6.8,0.3,52929
1574,14485,1.5,1.2,48333
1575,14486,16.8,0.0,59615
1576,14487,5.7,0.7,65652
1577,14489,12.3,0.7,46060
1578,14502,3.5,1.0,67330
1579,14504,4.5,1.3,53144
1580,14505,4.4,0.4,58566
1581,14506,7.6,0.0,102989
1582,14507,7.4,0.8,58580
1583,14510,8.0,2.2,46063
1584,14511,0.0,0.0,45769
1585,14512,7.5,0.5,52534
1586,14513,10.8,1.7,37594
1587,14514,8.0,3.3,63155
1588,14516,9.4,4.2,56316
1589,14517,6.9,0.1,40685
1590,14519,4.8,2.1,59159
1591,14521,8.0,1.4,45945
1592,14522,7.5,0.8,46774
1593,14525,9.4,0.1,65625
1594,14526,4.1,2.5,81596
1595,14527,6.1,6.3,46943
1596,14529,0.0,0.0,
1597,14530,9.3,0.6,50513
1598,14532,3.6,0.0,53177
1599,14533,2.1,0.4,60156
1600,14534,4.9,2.6,104398
1601,14536,12.6,0.0,42438
1602,14537,8.8,0.0,67344
1603,14539,0.0,0.0,70156
1604,14541,5.7,2.9,56745
1605,14542,25.0,0.0,
1606,14543,2.3,2.3,81689
1607,14544,7.1,3.7,56580
1608,14545,5.1,0.0,56667
1609,14546,6.8,0.6,56974
1610,14548,6.9,0.7,55170
1611,14549,0.0,0.0,31944
1612,14550,6.0,0.1,54375
1613,14551,8.2,1.5,47561
1614,14555,7.2,0.8,49750
1615,14559,6.4,1.3,74260
1616,14560,7.6,1.0,54875
1617,14561,8.2,5.3,64535
1618,14564,5.7,2.9,86336
1619,14568,5.7,0.4,74938
1620,14569,9.8,1.0,46250
1621,14571,9.3,2.9,46900
1622,14572,9.5,0.2,41784
1623,14580,4.6,3.4,71899
1624,14585,0.0,0.0,42188
1625,14586,4.3,6.9,77188
1626,14588,7.9,1.2,83583
1627,14589,8.8,2.5,50167
1628,14590,7.3,1.4,44850
1629,14591,4.6,0.0,58170
1630,14592,0.0,0.0,83702
1631,14604,14.6,6.1,14270
1632,14605,25.6,15.4,18318
1633,14606,10.5,7.4,37542
1634,14607,4.6,2.8,41954
1635,14608,22.3,11.6,20047
1636,14609,10.4,6.6,41074
1637,14610,3.8,5.2,59046
1638,14611,18.9,3.5,24924
1639,14612,4.8,2.3,61349
1640,14613,17.6,11.4,28026
1641,14614,46.5,9.5,
1642,14615,9.5,6.5,36250
1643,14616,7.1,2.8,46143
1644,14617,5.4,3.6,60870
1645,14618,3.7,3.9,89688
1646,14619,16.9,2.4,36176
1647,14620,6.7,7.1,40483
1648,14621,20.2,17.5,24906
1649,14622,5.8,4.1,49257
1650,14623,9.0,8.2,47613
1651,14624,5.6,3.7,60443
1652,14625,5.5,1.5,72500
1653,14626,5.2,4.6,53212
1654,14627,13.8,8.0,-
1655,14701,8.6,2.8,36552
1656,14706,7.4,1.2,50938
1657,14707,8.3,0.0,57500
1658,14708,4.9,0.0,57031
1659,14709,9.3,2.7,44107
1660,14710,6.4,0.6,52946
1661,14711,5.7,1.4,42361
1662,14712,5.0,0.0,48750
1663,14714,6.5,4.9,42500
1664,14715,10.2,0.2,39444
1665,14716,7.8,7.1,34597
1666,14717,12.2,0.0,40921
1667,14718,4.5,1.7,56689
1668,14719,6.3,2.7,45893
1669,14720,17.7,0.5,39875
1670,14721,1.5,0.0,
1671,14722,10.1,4.3,95917
1672,14723,7.3,1.4,48281
1673,14724,5.7,3.2,48036
1674,14726,7.5,16.7,34833
1675,14727,9.1,2.7,48859
1676,14728,0.0,4.7,47750
1677,14729,4.9,1.1,55469
1678,14731,7.3,0.6,61389
1679,14732,6.7,6.0,54167
1680,14733,5.5,1.2,41377
1681,14735,8.9,2.9,38059
1682,14736,1.6,0.0,42589
1683,14737,10.8,1.1,42835
1684,14738,8.2,0.0,47911
1685,14739,14.0,3.8,36541
1686,14740,4.1,1.8,51307
1687,14741,7.5,1.0,53333
1688,14742,0.0,0.0,78988
1689,14743,9.4,0.2,42222
1690,14744,4.7,3.8,50000
1691,14747,8.9,1.2,41702
1692,14748,10.7,1.7,35417
1693,14750,4.3,0.4,50881
1694,14752,0.0,0.0,
1695,14753,9.4,0.0,33500
1696,14754,1.0,1.6,43375
1697,14755,7.3,1.4,44063
1698,14756,51.5,0.0,
1699,14757,4.9,3.2,46504
1700,14760,8.0,1.3,39821
1701,14767,10.5,12.4,37174
1702,14769,7.2,2.5,37115
1703,14770,5.7,0.0,51319
1704,14772,6.5,3.0,39697
1705,14774,12.6,2.6,41875
1706,14775,5.7,1.0,41648
1707,14777,9.1,0.0,43177
1708,14778,6.9,1.8,-
1709,14779,13.3,2.1,32126
1710,14781,2.8,4.6,42317
1711,14782,9.1,0.2,46433
1712,14783,8.4,0.0,31111
1713,14784,9.9,0.0,34844
1714,14787,8.8,0.4,45728
1715,14788,10.2,0.0,62188
1716,14801,8.6,2.1,43185
1717,14802,12.8,1.8,25156
1718,14803,12.8,0.9,47188
1719,14804,6.3,0.1,54333
1720,14805,6.4,0.2,55655
1721,14806,7.9,0.0,50662
1722,14807,6.3,0.8,51146
1723,14808,2.7,0.6,44120
1724,14809,14.6,1.6,42217
1725,14810,8.0,1.0,40793
1726,14812,7.6,0.8,58889
1727,14813,8.9,0.7,42059
1728,14814,3.1,4.0,62338
1729,14815,15.1,0.0,45000
1730,14816,8.9,0.0,49083
1731,14817,16.1,0.6,49931
1732,14818,7.4,0.0,53281
1733,14819,7.8,0.3,36375
1734,14820,10.2,0.0,42045
1735,14821,8.0,0.2,51210
1736,14822,7.1,0.5,36250
1737,14823,11.1,0.1,49360
1738,14824,8.2,0.0,43750
1739,14825,2.9,0.0,55804
1740,14826,9.8,0.0,40170
1741,14827,0.0,0.0,
1742,14830,7.0,1.2,53294
1743,14836,11.9,0.0,65625
1744,14837,7.3,4.1,45990
1745,14838,5.7,0.0,55057
1746,14839,9.7,1.1,52031
1747,14840,7.5,0.6,54500
1748,14841,1.5,0.0,78250
1749,14842,7.4,8.4,53278
1750,14843,9.9,0.9,40511
1751,14845,2.9,1.6,63377
1752,14846,5.2,0.0,46389
1753,14847,1.7,1.2,46406
1754,14850,5.3,4.7,48088
1755,14853,28.1,2.0,-
1756,14854,0.0,0.0,-
1757,14855,6.6,16.6,45329
1758,14856,0.0,0.0,
1759,14858,7.5,0.5,51023
1760,14859,9.8,0.0,50781
1761,14860,3.9,0.3,53500
1762,14861,4.0,0.0,49688
1763,14864,5.6,0.2,64468
1764,14865,7.2,0.9,37821
1765,14867,7.5,1.7,44306
1766,14869,1.7,0.0,49231
1767,14870,5.3,2.4,62813
1768,14871,4.6,0.2,62212
1769,14872,7.9,0.0,51958
1770,14873,9.9,3.2,46987
1771,14874,7.1,0.0,34028
1772,14877,6.6,1.9,51094
1773,14878,1.0,0.5,69318
1774,14879,12.0,0.7,47214
1775,14880,12.4,0.2,49922
1776,14881,11.1,0.0,
1777,14882,2.5,0.6,69097
1778,14883,4.2,2.1,51447
1779,14884,1.8,0.0,47500
1780,14885,9.0,0.5,47375
1781,14886,4.3,0.5,66450
1782,14889,5.5,0.0,49853
1783,14891,6.1,1.0,44104
1784,14892,9.2,1.1,50253
1785,14893,0.0,0.0,-
1786,14894,7.6,0.4,39750
1787,14895,9.4,1.1,41102
1788,14897,5.2,0.0,45789
1789,14898,6.8,8.7,37941
1790,14901,8.8,0.9,26766
1791,14903,2.9,1.0,49267
1792,14904,6.7,0.4,38020
1793,14905,7.0,0.1,64178
