,Incident Zip,Count of Complaints
92,11208,642
156,11419,617
157,11420,438
125,11355,355
104,11220,331
91,11207,321
147,11385,317
141,11373,267
166,11432,263
111,11228,258
169,11435,242
155,11418,230
137,11368,228
158,11421,228
73,10472,224
87,11203,212
105,11221,210
154,11417,209
167,11433,202
153,11416,202
117,11234,199
96,11212,197
168,11434,193
88,11204,191
119,11236,190
144,11377,184
110,11226,184
70,10469,176
118,11235,175
139,11370,172
150,11413,171
98,11214,169
68,10467,167
151,11414,166
159,11422,163
138,11369,161
149,11412,160
66,10465,152
67,10466,151
107,11223,151
128,11358,148
103,11219,147
116,11233,144
145,11378,144
124,11354,143
62,10461,139
163,11428,136
102,11218,135
63,10462,135
126,11356,133
146,11379,128
113,11230,128
51,10314,126
160,11423,125
171,11691,125
127,11357,123
93,11209,122
45,10306,121
170,11436,115
97,11213,113
40,10301,113
59,10458,109
140,11372,109
82,11103,106
120,11237,106
100,11216,105
162,11427,103
69,10468,103
90,11206,97
84,11105,97
112,11229,97
94,11210,93
74,10473,93
58,10457,92
50,10312,92
109,11225,88
161,11426,86
57,10456,84
53,10452,84
130,11361,82
136,11367,79
164,11429,77
60,10459,76
44,10305,75
61,10460,75
1,10002,73
143,11375,73
121,11238,73
106,11222,72
134,11365,72
148,11411,71
43,10304,71
54,10453,67
27,10031,66
133,11364,66
95,11211,65
115,11232,65
28,10032,65
89,11205,59
42,10303,56
2,10003,56
85,11106,55
83,11104,54
81,11102,53
135,11366,50
99,11215,49
64,10463,48
71,10470,48
41,10302,47
21,10025,47
7,10009,45
55,10454,43
49,10310,41
23,10027,40
108,11224,40
114,11231,39
16,10019,39
0,10001,38
26,10030,38
48,10309,38
29,10033,37
9,10011,36
13,10016,36
123,11249,36
142,11374,35
11,10013,34
19,10023,33
152,11415,32
47,10308,32
10,10012,32
101,11217,32
30,10034,31
80,11101,31
52,10451,27
25,10029,26
56,10455,26
174,11694,26
32,10036,25
12,10014,24
75,10474,23
78,11004,23
131,11362,23
39,10128,21
22,10026,20
18,10022,20
86,11201,19
129,11360,19
172,11692,19
24,10028,19
17,10021,19
36,10040,18
173,11693,18
8,10010,17
20,10024,17
46,10307,15
15,10018,14
132,11363,14
77,11001,13
37,10065,10
31,10035,9
14,10017,8
38,10075,8
65,10464,8
33,10037,6
34,10038,6
72,10471,6
35,10039,4
4,10005,4
165,11430,3
76,10475,3
6,10007,2
5,10006,2
79,11040,2
3,10004,1
122,11239,1
175,11697,1
