,Count of Illegal Resident Conversion Violations,Incident Zip,Count of Complaints,viol_comp_ratio
0,39.0,11368,228,0.171052631579
1,25.0,11355,355,0.0704225352113
2,23.0,11373,267,0.0861423220974
3,23.0,11385,317,0.0725552050473
4,22.0,11419,617,0.0356564019449
5,21.0,11433,202,0.10396039604
6,19.0,11420,438,0.0433789954338
7,19.0,11208,642,0.0295950155763
8,18.0,10468,103,0.174757281553
9,17.0,11221,210,0.0809523809524
10,16.0,11228,258,0.062015503876
11,15.0,10458,109,0.137614678899
12,15.0,11377,184,0.0815217391304
13,15.0,11219,147,0.102040816327
14,15.0,11434,193,0.0777202072539
15,15.0,11354,143,0.104895104895
16,14.0,11435,242,0.0578512396694
17,14.0,11379,128,0.109375
18,14.0,11432,263,0.0532319391635
19,13.0,11413,171,0.0760233918129
20,13.0,11370,172,0.0755813953488
21,13.0,11378,144,0.0902777777778
22,13.0,11417,209,0.0622009569378
23,12.0,10456,84,0.142857142857
24,12.0,11372,109,0.110091743119
25,11.0,11209,122,0.0901639344262
26,11.0,11416,202,0.0544554455446
27,10.0,11207,321,0.0311526479751
28,10.0,11369,161,0.0621118012422
29,10.0,11422,163,0.0613496932515
30,9.0,11428,136,0.0661764705882
31,9.0,11210,93,0.0967741935484
32,9.0,11418,230,0.0391304347826
33,9.0,11220,331,0.0271903323263
34,9.0,11103,106,0.0849056603774
35,9.0,11412,160,0.05625
36,8.0,11411,71,0.112676056338
37,8.0,10466,151,0.0529801324503
38,8.0,10032,65,0.123076923077
39,8.0,10462,135,0.0592592592593
40,7.0,11226,184,0.0380434782609
41,7.0,10467,167,0.0419161676647
42,7.0,11423,125,0.056
43,7.0,11421,228,0.030701754386
44,7.0,11213,113,0.0619469026549
45,7.0,11236,190,0.0368421052632
46,7.0,11230,128,0.0546875
47,6.0,11436,115,0.0521739130435
48,6.0,11426,86,0.0697674418605
49,6.0,11214,169,0.0355029585799
50,6.0,10459,76,0.0789473684211
51,6.0,10460,75,0.08
52,6.0,11691,125,0.048
53,6.0,11361,82,0.0731707317073
54,5.0,11427,103,0.0485436893204
55,5.0,11232,65,0.0769230769231
56,5.0,10452,84,0.0595238095238
57,5.0,11375,73,0.0684931506849
58,5.0,11105,97,0.0515463917526
59,5.0,11358,148,0.0337837837838
60,5.0,11233,144,0.0347222222222
61,5.0,11218,135,0.037037037037
62,5.0,10472,224,0.0223214285714
63,5.0,11102,53,0.0943396226415
64,5.0,11365,72,0.0694444444444
65,5.0,10451,27,0.185185185185
66,4.0,11364,66,0.0606060606061
67,4.0,11223,151,0.0264900662252
68,4.0,11216,105,0.0380952380952
69,4.0,10453,67,0.0597014925373
70,4.0,11204,191,0.020942408377
71,4.0,10465,152,0.0263157894737
72,4.0,11234,199,0.0201005025126
73,3.0,10027,40,0.075
74,3.0,10469,176,0.0170454545455
75,3.0,11235,175,0.0171428571429
76,3.0,11429,77,0.038961038961
77,3.0,10036,25,0.12
78,3.0,10457,92,0.0326086956522
79,3.0,11106,55,0.0545454545455
80,3.0,11415,32,0.09375
81,3.0,11414,166,0.0180722891566
82,3.0,10003,56,0.0535714285714
83,2.0,11367,79,0.0253164556962
84,2.0,11366,50,0.04
85,2.0,10002,73,0.027397260274
86,2.0,11360,19,0.105263157895
87,2.0,11203,212,0.00943396226415
88,2.0,10031,66,0.030303030303
89,2.0,10301,113,0.0176991150442
90,2.0,10302,47,0.0425531914894
91,2.0,10314,126,0.015873015873
92,2.0,10463,48,0.0416666666667
93,2.0,10475,3,0.666666666667
94,2.0,11004,23,0.0869565217391
95,2.0,11692,19,0.105263157895
96,2.0,11212,197,0.010152284264
97,2.0,11356,133,0.015037593985
98,2.0,11225,88,0.0227272727273
99,1.0,11206,97,0.0103092783505
100,1.0,11229,97,0.0103092783505
101,1.0,10011,36,0.0277777777778
102,1.0,10012,32,0.03125
103,1.0,10021,19,0.0526315789474
104,1.0,10023,33,0.030303030303
105,1.0,10024,17,0.0588235294118
106,1.0,10033,37,0.027027027027
107,1.0,10034,31,0.0322580645161
108,1.0,10128,21,0.047619047619
109,1.0,11237,106,0.00943396226415
110,1.0,10304,71,0.0140845070423
111,1.0,10303,56,0.0178571428571
112,1.0,11211,65,0.0153846153846
113,1.0,10305,75,0.0133333333333
114,1.0,10306,121,0.00826446280992
115,1.0,10312,92,0.0108695652174
116,1.0,11357,123,0.00813008130081
117,1.0,11222,72,0.0138888888889
118,1.0,10473,93,0.010752688172
119,1.0,10474,23,0.0434782608696
120,1.0,11374,35,0.0285714285714
121,1.0,11104,54,0.0185185185185
122,1.0,10454,43,0.0232558139535
123,0.0,10461,139,0.0
124,0.0,11238,73,0.0
125,0.0,11205,59,0.0
126,0.0,11215,49,0.0
127,0.0,10470,48,0.0
128,0.0,10025,47,0.0
129,0.0,10009,45,0.0
130,0.0,10310,41,0.0
131,0.0,11224,40,0.0
132,0.0,11231,39,0.0
133,0.0,10019,39,0.0
134,0.0,10001,38,0.0
135,0.0,10030,38,0.0
136,0.0,10309,38,0.0
137,0.0,10016,36,0.0
138,0.0,11249,36,0.0
139,0.0,10013,34,0.0
140,0.0,10308,32,0.0
141,0.0,11217,32,0.0
142,0.0,11101,31,0.0
143,0.0,10029,26,0.0
144,0.0,10455,26,0.0
145,0.0,11694,26,0.0
146,0.0,10014,24,0.0
147,0.0,11362,23,0.0
148,0.0,10026,20,0.0
149,0.0,10022,20,0.0
150,0.0,11201,19,0.0
151,0.0,10028,19,0.0
152,0.0,10040,18,0.0
153,0.0,11693,18,0.0
154,0.0,10010,17,0.0
155,0.0,10307,15,0.0
156,0.0,10018,14,0.0
157,0.0,11363,14,0.0
158,0.0,11001,13,0.0
159,0.0,10065,10,0.0
160,0.0,10035,9,0.0
161,0.0,10017,8,0.0
162,0.0,10075,8,0.0
163,0.0,10464,8,0.0
164,0.0,10037,6,0.0
165,0.0,10038,6,0.0
166,0.0,10471,6,0.0
167,0.0,10039,4,0.0
168,0.0,10005,4,0.0
169,0.0,11430,3,0.0
170,0.0,10007,2,0.0
171,0.0,10006,2,0.0
172,0.0,11040,2,0.0
173,0.0,10004,1,0.0
174,0.0,11239,1,0.0
175,0.0,11697,1,0.0
